-0.16492356774725075 -0.18618363634638518 0.04327321458942535 0.3851624506434397
0.2604158814450829 0.019658193378481206 0.03750361700664901 0.31568675278145336
-0.10430496597869107 0.0341466087349695 -0.23478798880234278 -0.33949904832157296
-0.1333672711941333 0.016049889413620875 -0.23395298635105394 0.037192263978487065
0.06141667192948506 -0.1661636503384524 0.1748265040118327 0.20311689774859656
0.38391427077296436 0.21612191907873474 -0.2709301271616766 -0.012342552907383831
0.2708921310561716 0.11241949554758382 -0.07175316760581466 -0.08710952136944439
0.09254822219222389 0.18774647235990155 -0.18608849099814284 0.06533756153629429
-0.6529620087018354 0.13809016691111514 -0.08837057832447652 -1.2209920849226341
-0.4275988093257082 -0.004208326002619927 -0.035564484593712246 0.16735207984509545
0.4307354289047924 0.030538304770109166 -0.02527132856998605 0.40744064952387227
0.025808568198178193 0.035047232107841234 0.15599315840082797 0.4168216596965832
-0.38415828493362875 -0.359501341363835 0.4156843078642419 -0.12256602187722565
0.13075062177875899 0.04376584740457702 -0.2924408677293945 -0.05310392625328584
-0.6879323738338857 -0.2101692704316403 0.48413834753215884 0.02957501067246759
0.3909975033705327 0.031682968024662285 -0.03602616014258614 0.3980619063908357
0.05824283886172852 0.04208081012630086 -0.3176417804205502 -0.5678579547249494
0.05936724012022362 0.041119176783008776 -0.2937768716514566 -0.10937185097215614
0.6196918033913204 0.21918694378318537 -0.3415066891896437 -0.6185716322415138
0.06801200354043759 0.04358572273000268 -0.28911701926200606 -0.11787324975119579
-0.30194573036150346 -0.07021733718973916 -0.0034815355701599583 0.6451896342586574
-0.6982476408859388 0.15504222297791065 -0.0714762161476162 -1.3848763829857742
-0.49846828512270674 -0.23680157513846373 0.4762893244900438 0.00846887130370516
-0.08263299855036202 0.03829528672355287 -0.2405091023718185 -0.3597210422173152
0.5953958202507104 0.2503281758277408 -0.29710072011884503 -0.7000717085365739
0.11226239403720409 0.06420418749539218 -0.3285830060887283 -0.3189823392681573
0.11016962076974071 0.03991931403140869 -0.0625673864458751 0.24298505746278085
-0.019865898782365107 0.08584820081118079 -0.34030536308230563 -1.0492184887925455
0.2097311418963995 0.09504618016121928 -0.17210354671720224 0.003481384020001955
-0.03223059764367963 0.17277869295011056 -0.06081334258690967 -0.5886693789360384
0.05649060562299441 0.009919840004719663 -0.24254004381785643 0.24327750558077982
0.3621568587556087 0.24503773982129098 -0.27623643306180234 -0.5684473850402962
0.47364347252467703 0.2723324384926781 -0.29585629711079525 -0.7150341703876836
-0.2792719560850218 0.024106110745792927 -0.11421956066008411 -0.2632811744678897
0.1705999967769664 0.16514373093750753 -0.12802080440174118 -0.2890800859626819
-0.22592481267536438 -0.09588597488758978 0.04890813435747769 0.26526416315908324
-0.8596636145036001 0.19892872836694456 -0.06279849357594149 -0.6223802588945235
-0.149418470657364 -0.2722105998757565 0.2744396028942952 0.35203646692095236
0.4273300286174999 -0.1439821682356274 0.06118536394771792 0.3159792008994523
0.09794732955680388 0.19916986301193926 -0.19453548353763236 0.08732331229872797
0.25997008358929186 0.028795162758099346 -0.11957381186225162 0.24239789418710847
-0.42769787551588395 -0.07538749639736028 0.07046197182590734 0.46460632195380913
-0.04869564611636969 0.19177603564433093 0.0026112887679539923 -0.620929353502901
-0.11248783328721047 -0.18221508303237613 0.03191718125189732 0.44056663324635953
0.017295067479947114 0.21125274239185396 -0.12428214826500279 -0.15423656612874131
0.4481091620068697 0.10917434616855888 -0.18138015459539164 0.2761108144813006
-0.19231660765823105 0.25579873650876495 0.03750361700664901 -1.0108148367080305
-0.31071308819206 -0.018757751329528567 -0.10988024146967668 -0.01644589471806696
-0.16442823679637186 0.037092518735266096 -0.17343955063926436 -0.3975352639864834
0.008484368191188687 -0.036852146461527846 -0.1388219651426063 0.36083031381799097
0.21526646527247117 -0.07731105360761312 0.21923247308263138 0.10608533264414985
-0.2597806831679371 -0.09558673550886142 0.03228889202053558 0.38868089621812485
0.6628722790341884 0.17338007694425395 -0.21641254776139965 0.15973029245972714
0.5202788815499253 -0.14325876430064333 0.06893741896323159 0.544918469459478
-0.509625614791254 0.03781301743356349 -0.11264975605166111 -0.5007309099656525
0.20732878678463681 0.14157645093513474 -0.084492934682943 0.38135155695075545
0.6278647640808221 0.245339884436706 -0.31302502493181134 -0.6414460625563165
0.14206893400634182 -0.03059978658811728 -0.19993875746435943 0.45698453456844085
0.10953807380737013 -0.0006000220377596015 -0.2536644313140592 0.2849051147862741
0.19972545668864575 0.003127396631254728 0.04193721066736323 0.25119310130795175
0.1136864705209809 -0.025067925413004115 -0.20154950412845854 0.36083031381799097
-0.4421243894602319 -0.043585323006584444 0.06598528126448144 0.25559025146043846
0.34812660957196395 0.13676828421867435 -0.10946489508906786 0.4672428890951486
-0.2763123536535204 -0.25249275848323877 0.2843141802698592 0.4739873321265201
-0.06821886787978605 -0.03829488700013464 -0.09607899772801963 0.25676299108401107
-0.7206365998656651 0.20914935103069546 -0.09787937075525012 -1.0715034887920014
0.5090720187862902 0.1831765350517491 -0.2054767092058105 -0.08973928739176061
-0.34839539028017225 -0.09769012687001993 -0.014562826165651027 0.3065981907267414
-0.5263430343834168 0.09348316282378381 -0.11034191701855058 -0.9609853046644862
-0.358388692214154 0.3139935325797128 -0.025871452912396217 -1.462273117470151
0.600968293448098 0.038774650776855574 -0.1492083182141215 0.5346714501311423
0.38204439643339655 0.1281106788923589 -0.1711338664511894 0.26555729138898454
0.11285679117825875 -0.04899574528819426 -0.1764886563646158 0.5707173809542702
-0.11943113489115545 -0.058674686571713125 -0.08703188084611992 0.506514817374963
-0.04004939670330305 0.0015033693233989162 -0.25666505302611 0.1222085188085578
0.4536568686567134 -0.04220243034372333 0.014516807589555973 0.4777982258192043
-0.27892522441940665 -0.31838352653721 0.4104210988648278 0.24239789418710847
-0.4982082363734954 -0.2467810631572199 0.49170724071964783 0.23301688401439755
0.37533266204898746 -0.16965283959915872 0.1388244305798119 0.35203646692095236
0.44684606808212857 -0.1834178510206629 0.1804129397665844 0.5279156719013988
0.01694833581433188 -0.056569406806708265 -0.008378420913524752 0.14272296082229902
-0.5732880252529645 -0.29355246857613015 0.5781165266465689 -0.09295848372942361
0.2435870123889722 0.21606090910831438 -0.25611018042944717 -0.48989446032197004
0.1956761261652107 0.1225791082409144 -0.05485896704233199 0.39923396590250604
0.5228793690420396 0.16610536428079964 -0.2058915168751604 -0.010596932358087684
0.461495480954372 0.27010702719067886 -0.26996044689566373 -0.6552296637767329
0.375530794429339 -0.023565918045988992 0.018578690481631934 0.5736645325310039
0.03929766831798781 -0.00018166795487724544 -0.24282017367248238 0.22363814088136102
-0.4081075364086235 0.07544745347285553 -0.10660326088181223 -0.6962630818835641
-0.3338574268718766 0.2961989578737792 -0.05975208140688452 -1.488638788883546
0.4866211434377042 -0.042382845541966335 0.001641608501941161 0.7281406159453401
-0.3438507288058583 0.320425726604029 0.10401829614254024 -1.0770577359943072
0.325613817854518 -0.15263686832525616 0.20109406499560248 0.45756943080443874
-0.045967982402617305 0.029277432048088727 -0.26635646857364936 -0.3359851368262366
0.6565072763153945 0.09757083084194684 -0.19702971666632094 0.2872503673294518
0.5165886659658776 -0.17428088164104477 0.0733225286106452 0.34265545674824144
0.04703473777071621 0.21017199434440786 -0.191071570142931 -0.677786708537118
-0.2838413841068797 0.17325805700341326 -0.16494946119906312 -0.1466193128227218
-0.2738976152679858 -0.031020755384017655 0.30882554254962796 0.2764039427112019
-0.7847448081831666 0.13496413223624418 -0.03884200389283561 -1.2441612303951104
0.29947272692188404 0.21059034842729024 -0.2717112584870758 -0.0029570086553241046
0.4442827304113302 -0.11951426486038288 0.05748980471169124 0.5287998173744188
0.43436372811998025 -0.15143700557365608 0.09533965776172541 0.5164897919423694
0.33483935681463745 -0.17524251498433688 0.1709046860470697 0.4945063082196101
0.09813307866338347 -0.029818277919399547 0.23483355114026006 0.2438646688564521
0.05563120642321952 -0.036671731263284824 0.24845217176515133 0.17204258493145091
-0.5417478269557505 -0.43002015145969236 0.6282489963994322 -0.48080363122758374
-0.4140391245453984 -0.34844110529763267 0.37806610065553303 -0.18207581333050307
0.1963448229488972 -0.031922540851564075 0.1745032772564951 0.592118235480706
-0.02158469718191489 0.08969473418434912 -0.3467698981890578 -1.17762361595116
0.5318324759791757 0.005349902696567256 -0.09053996856405078 0.6243782100475683
-0.30041020441377886 0.2827331858310033 0.0676929959551818 -0.9111331022241979
-0.497007058817614 -0.042503122340795015 0.05107375361823968 0.16647246845142413
-0.5005610583901701 0.04075892743386008 -0.1032799511256827 -0.5400187075231877
0.35498694324163665 0.1498738069123015 -0.14671408508543296 0.3206697059858078
-0.05684532625118021 -0.06089908104087199 -0.08140019334562096 0.5466867604055182
-0.3220314004196428 -0.009559771979490081 -0.07286097343860841 -0.11025599644517627
-0.4996570794048161 -0.24581942981392785 0.49161565980563554 0.15914312918405477
0.29625307574117116 0.2172636770966012 -0.25324962364470927 0.03191006153711047
-0.31674374251901055 -0.2562201771522531 0.22634346170005878 0.16324873803441234
-0.27152002670376707 -0.2435969237486153 0.38138994912292146 0.34265545674824144
-0.20713938636328214 -0.2458804397843482 0.18410311189002213 0.2626257823860042
0.1860047893493002 0.18137528830600566 -0.07655367750496295 -0.24188031994145387
-0.32840878641220866 -0.09228057615941614 0.08624621171156065 0.35262363019662474
0.4564431052554072 -0.13706770492132178 0.03625919399859922 0.4229789394522823
-0.2089597276077621 0.2602495591127633 0.028733397711821863 -0.7100466831039803
0.011145533724785574 0.050017916754318915 -0.2947950359307701 -0.18119166785748295
-0.3375104926346084 -0.2666819344609987 0.35350625436246363 0.4789702853308745
0.2739879494991647 -0.19574186504557237 0.2670538715348308 0.27083405293514257
0.08785496143264632 -0.16454252826728324 0.2251852324934324 0.12601941250124196
0.1502666612433876 -0.04184189047090596 0.1803213588525721 0.5478656210362117
-0.24501982083174595 -0.35072462133336557 0.44268990327269925 -0.009418071727394218
0.6266759697987129 -0.010881654671930857 -0.07304564365815798 0.707329191734251
-0.3521475222330799 0.05290281678419517 -0.09695601965750235 -0.023496388105483806
0.2537660634295336 0.1363470248991053 -0.11800454596508751 0.06416323498494961
0.14481802078371972 -0.19490225164312094 0.3836525364102847 -0.2105271612443557
-0.35859920786827754 0.024466360094941624 -0.10900321954019396 -0.3776079852484146
0.0656814714165524 0.10730918421570836 0.04396815211340122 0.24181299795111055
0.45316153770583456 0.10141736421511517 -0.17343955063926436 0.32360098828482065
-0.05332425380358378 -0.17223559501361993 0.021439247266369792 0.4780906739372033
-0.3690259243842784 0.03450685808411819 -0.12012760703639672 -0.41807464343664325
0.4240856108892431 -0.03306458939309918 -0.01585573318700147 0.6557313687446665
0.20706873803542541 0.16508272096708718 -0.1010179025495783 -0.14836493337201795
0.599581366785637 -0.05182137848966218 -0.06875286912051916 0.5293892476897656
0.6173142148271017 0.23890769041238977 -0.2953014245141323 -0.5684473850402962
0.35864000900436854 -0.029337461247753504 0.009856955200105424 0.35936580618832176
0.24255920066589853 0.22880618245279288 -0.2388498716944187 -0.3696960167847217
-0.0743684016349476 0.11548452025203443 -0.04844291594888043 0.11136073396650324
0.5179012929857065 0.23986932375568187 -0.3025470909462838 -0.7328984430220389
-0.1960811228849107 -0.018214472069118838 0.33956979409482363 0.41213115461022776
0.3772892193049591 0.22598229239333695 -0.2775293400831528 -0.5092323087446923
-0.2716438594414868 0.29048726254776036 0.0688458380492193 -0.48343339724989987
0.551905762763543 -0.15341837699397393 0.1089582783866167 0.5173739374153896
-0.011186462195589598 -0.05224205676189388 -0.09077053698285827 0.3033744603097296
0.023214272342949954 0.050979550097610994 -0.2949297137454941 -0.1993733260462557
-0.2299617599250274 -0.08458518522373011 0.05176869114221555 0.3596582543063207
-0.5574498180986117 0.016651273407764254 -0.03242595279938405 0.019894751262734423
0.45926649167541694 -0.16273837628485308 0.13093231063698524 0.6396127166596074
-0.5360639042944152 0.05500620814535369 -0.09215556362947994 -0.5957198723234554
-0.5482242791384921 0.11362226353587061 -0.04581185016043229 -0.8492882599062774
-0.3598870683405627 -0.06751198078709991 0.004733811128004305 0.5238123300907155
-0.8881822940004527 0.14716612632031292 -0.0387493455563055 -1.450235136799031
0.10868362791710402 0.07622896214157325 0.04826168084680247 0.3212546022218057
0.29406123628353203 0.2725735731376728 -0.2551889841767349 -0.7317422527880896
-0.36111301244398797 -0.2680648271238598 0.293132883577987 0.1362777670279498
0.160903893413512 0.05903577142978305 -0.3307055284487786 -0.2969920544263748
0.2180774684187089 -0.015811841329231968 -0.01289820837566234 0.46460632195380913
0.5903682110992896 -0.046350527284969356 -0.06561379861493206 0.5375959313111318
0.3891276290309648 0.22814669372491583 -0.289671891858669 -0.5151039415014156
0.5804739753554835 0.19273766898762298 -0.2580064440607611 -0.08064845829737428
-0.2538490950311623 -0.03234321912379577 0.36444748003064176 0.40802781279954464
-0.11686903554773434 -0.06270265197596482 -0.07419961704583913 0.44320546742737343
0.04179413631041747 0.20812670771698302 -0.14145087608601886 -0.06981200865369175
0.010434733810274358 -0.0483345134183052 -0.12058928258527062 0.48805658034591204
-0.15490673759310222 0.042382954741715904 -0.2729125845944139 -0.5133356505553752
-0.21981985870578194 -0.1162081055109376 0.07604840758065903 0.40773536468154564
0.4035046098802249 -0.1708527023507588 0.15871903737084178 0.5765890137109936
-0.22824048487072324 -0.11759099817379873 -0.0808927273397409 0.2265694231803739
-0.524931341173412 0.014669901987446424 -0.03861089676276923 0.02370337791574421
-0.3468846308799916 -0.068534043053475 0.01585819862420705 0.17262974820712326
0.16200600477921753 -0.19556174037099802 0.36721645590136726 -0.19819446541556224
-0.1901990678432238 -0.22550020442726668 0.17058145929173207 0.42591022175129517
-0.3643326636247008 -0.06246209837830747 0.004868488942728306 0.5437622792255286
0.13768525509106358 0.1924965343426283 -0.05273590597102278 -0.22369866175268108
0.010620482916853939 -0.15065549690493835 0.09114309705492543 0.04687252338822021
0.08891992297703594 -0.015570706684237276 0.20875453909710387 0.1714554216557786
0.24832980624363768 0.13129772353765018 -0.11878890955804013 0.11341240487184481
-0.7335647376836043 0.20866708174070606 -0.09617111735329086 -1.084697659697071
-0.3221057000622747 -0.05224205676189388 -0.1316678796244672 0.07471630466933082
0.5092206180715538 0.18143339303973932 -0.20773929649317377 -0.061310609874652096
0.40315787821460963 0.2313918431039408 -0.29502129465950644 -0.7197269425137134
0.3955173982973026 -0.027293336715003322 -0.038195550382160395 0.4138903773975703
-0.10124753568439104 -0.08626964145466894 0.35844623660654007 0.3825236164624257
0.40373989208189237 -0.17055346297203045 0.15433392772342824 0.5326084440274286
-0.0391738992476246 0.12648665158450306 -0.15876505594693685 -0.2908483769087222
-0.5141331264442519 -0.3030525925415837 0.5907169829921468 0.05361016530056841
-0.889903569054757 0.20031162102980565 -0.07863084037701419 -0.5743190177970195
-0.022709098440409987 0.21509927576502233 -0.27393074887372737 -1.1477213626456846
-0.084353035277289 0.0004197160392661475 -0.20833726599054833 0.08761576041672695
0.5563389747739091 0.10382290019168874 -0.20875207365989826 0.1553322354913706
0.21396622152641406 -0.2557408130989504 0.36384951053326714 0.2517793577677543
-0.06998719937442371 -0.10748949021420182 0.37354092608080647 0.34998479601561083
0.03830576808885282 0.2686660297940841 -0.1497631908107844 -0.6531666576730192
-0.2710246957528882 -0.05819375369059962 -0.11611205331258581 0.1861141001905173
0.3312605906945374 0.034567868054538535 -0.03173317012044378 0.3684521012033593
-0.3741897495471909 0.05645011077863516 -0.09326315397777016 -0.019959806213403358
-0.44842747581016595 -0.27593801854477085 0.564040001451616 0.13891660120896368
0.22403382310302772 -0.17620414832762893 0.20663201673705353 0.17907947608082134
-0.3625618554753087 0.047133016724442665 -0.1492083182141215 -0.3755676495414451
-0.07365760172043638 -0.2435969237486153 0.3749254140161693 -0.074799495937395
-0.0393559333720726 0.03775491269982983 -0.26008048240751075 -0.3749782192260983
0.06141667192948506 -0.1661636503384524 0.1748265040118327 0.20311689774859656
0.4687149295634319 0.14217783492927816 -0.14426833597004504 0.4426205711913755
0.14323296174090724 0.008417832637704539 -0.24327807824254397 0.24357222073845314
0.14367875959669826 0.08085700418345933 -0.0011758513820850085 0.2887162351829257
0.1151724633736176 -0.19460010702770592 0.37820616558284603 -0.15686633215105755
0.5439680842757086 -0.032523634322038794 0.01290067381286792 0.5393642222571721
-0.5482118958647202 0.02032058734304493 -0.0414267405130187 0.007290010673011693
-0.44283023606523436 -0.4345900887678447 0.7692620555280537 0.12015458086354183
0.4892711640249063 -0.14512392625349385 0.08860037991293623 0.5589967858375676
0.27521389360258997 0.25513924778088787 -0.25352436638674625 -0.6540508031460393
0.4351686409151585 -0.165443151640155 0.08001870955872267 0.27464494662782674
-0.2566229483560842 0.041720560777152166 -0.16849956839518787 -0.537955701419474
-0.654968099052895 -0.22736536638011717 0.5163101839134289 0.08380486672404278
-0.3271704590350114 -0.3204259079279482 0.40949990261211566 0.20575573192961047
0.37951820858391416 0.03606987542155366 -0.06307539116301406 0.2327244358963986
-0.41453445549627727 -0.3310067799408478 0.45085676595756286 0.1336411998866103
-0.34964610093114146 -0.0786338078710599 0.08708121416284946 0.4429130193093745
0.5794337803586378 -0.07033761398856783 -0.0414267405130187 0.5238123300907155
-0.21204316277698324 -0.12582734418054514 0.17108784787509435 0.37812555949406923
-0.5189873697628652 -0.29673951322142145 0.4797532378847452 0.3564345238893089
0.16073052758070436 -0.06594896344966444 0.1504552066593769 0.045403481679202155
-0.7093182876380822 -0.20536110371517988 0.48136937166143323 0.016675554925071417
0.0067160366965510225 0.047792505452319715 -0.3116890210097492 -0.593951581377415
-0.15860933645092198 0.03516925204868192 -0.23750848065976768 -0.39608435859486074
-0.6660263625312665 0.04003842873556269 -0.018026739560352417 -0.05720726806396897
0.30391832220602216 -0.04286366221361238 0.1720144312403955 0.21484202694464805
0.3293535665336536 -0.14061499891576176 0.044474540696763466 0.3206697059858078
0.230213076715242 0.20674381505412193 -0.24992577517732084 -0.024357863181759826
-0.17185077109529218 0.0017445039683936074 -0.20007343527908344 -0.0009166729483545663
-0.37921735869861173 -0.05061890102504407 0.021439247266369792 0.49069541452692605
0.28547962755955514 0.159190900966494 -0.0714300485927288 -0.30345311749844484
0.07157095642250251 -0.029637862721156535 -0.20192121489709677 0.3669875935736901
0.17213552272469104 -0.2526728831578131 0.3765415477928573 0.1474179999880033
-0.23415968973372608 0.20914935103069546 0.018578690481631934 -0.8915005386438023
0.1259335282814617 0.19953011236108795 -0.19555364781694587 0.1222085188085578
0.3769301043655719 0.20013149635523134 -0.247065218392583 0.0609395045679378
0.16843292386687125 -0.0883120228454071 0.00796069156879145 0.21103113325196385
-0.3011655841138692 -0.24780370647093233 0.18465798448668502 0.1749738672304638
0.5815760867211891 0.19604382833706827 -0.23104933266560443 -0.07185234436066124
0.047315838085340005 0.08476454752704801 -0.35872390102396046 -1.108728280245823
0.28879834493044376 -0.036611592863870494 0.14824110338531427 0.20575573192961047
0.00921250468898067 -0.04196216726973464 -0.18197812409276623 0.4009931886898486
-0.3975817537024469 -0.2213515264386833 0.2435121895210749 0.3555549124956376
0.26954235421502654 0.17680535099785327 -0.08800102240087385 -0.12902708494929577
-0.35069867920175907 0.31038522861485246 0.08343413894012343 -1.0421906658018727
0.6497831586572135 0.1706142916185317 -0.21992494516940167 0.06035234129226544
0.4220176041693237 0.23529938644752943 -0.3053160668170093 -0.8443007726225742
-0.21469318336418536 0.24245498440682972 -0.2343731811329928 -1.059193463359952
0.07023356285512947 0.17031214700311667 -0.09049363939578572 -0.33306065564624693
0.6742029745355432 0.11674829821074155 -0.2290614881202781 0.13217442521726666
0.11423133456694771 0.037513778054835134 0.15885910229815475 0.4484831357894012
0.46804623277974544 -0.1373698495367368 0.03307541045852376 0.4229789394522823
0.4271566627846923 0.1301530602830971 -0.20630632454451034 0.04716043742687035
-0.012443364483444803 0.04033766811429104 -0.3181481690039124 -0.6393830564526028
-0.5511838815699935 -0.2973408972155648 0.5956569652362232 -0.05573369227560211
0.2297796621332229 0.05260357740546682 -0.04128829171948243 0.1799568204348182
0.5694157118771122 0.18245603635345176 -0.21673577451673726 0.03571868819012021
-0.0987510676919614 0.032583591397534015 -0.2628494582782363 -0.36089990284800866
-0.10528076795192248 -0.0464106656843837 -0.09340160277130642 0.18845821921385783
-0.42102329095279084 -0.355834932665241 0.3979122234332623 -0.20905358545598882
-0.25220211961949 -0.06715115039061388 0.011979477560155737 0.703225849923568
0.29560914550502865 0.15654713558161246 -0.1193890339004503 -0.15568747152036408
-0.2814018791738011 -0.23890787173630892 0.22911243757078434 0.31451242623010867
-0.38637489093881183 -0.058674686571713125 -0.04207319402369392 0.28402573009657023
0.4953389681731727 0.2313918431039408 -0.3273816799813902 -0.5796012202383962
0.4431930023193966 0.23896579514612343 -0.2873608205580051 -0.6531666576730192
0.3261091488053969 -0.1840192350148063 0.13070066479565995 0.08497692623571304
-0.4342610106150294 -0.07129924733185991 0.053336340905602964 0.4461367497263863
0.021494235616022983 0.05903577142978305 -0.33236475912617836 -0.7466820442424551
-0.2771791828175585 -0.25381464117567953 0.2857471522185226 0.5349661652888155
0.13426747152999918 0.10959270025144124 -0.07018379396639876 0.2640916502394781
-0.4648724633793454 -0.05663070730079728 0.08426375427882331 0.16823169123876675
-0.2843986314266185 -0.0804972266818984 0.061417009789043214 0.2922340006457086
-0.5644463677797761 0.054285709447056296 -0.11048036581208685 -0.6775146637761887
0.030718536248765277 0.08506669214246304 -0.3561380869812596 -1.1137157675295262
0.44194229166842747 -0.1602718303378592 0.11634400974608111 0.33093032755219
-0.4639065680251315 -0.05290328863178294 -0.04548862340509467 0.20311689774859656
-0.2684861246296338 0.0027642420454193563 0.34284515854891146 0.4821940157478864
0.12585922863882984 0.048934263470186146 -0.2937768716514566 -0.09180229349547425
0.13644692771386635 0.21077047310186459 -0.19767617017699615 0.10344649846313596
0.563620339751829 0.18678483901660944 -0.21225908395531135 -0.02054923652875009
0.35127196111004494 0.1455450042491438 -0.13161939561116656 0.32330854016682165
-0.6587697641008905 0.14909229824358378 -0.0845855930194731 -1.3074796485013973
-0.5853493339068657 0.04124119672384946 -0.03367199194121054 0.04393670700985852
-0.1402437031197096 -0.15396165625438366 0.14671655052263854 0.6111840391424989
0.5561532256673296 -0.03583008419515275 -0.03362566277294548 0.5443517095408753
-0.07924493484635035 0.21203425106057175 -0.2748519451264395 -1.2737687685429122
-0.1475671712284541 0.017795936662317373 -0.23940474429108166 -0.01615117956039357
-0.3816073305366024 0.23866655576739507 -0.14699421494005888 -0.9700761337588726
0.2766998864552267 0.2409500718031279 -0.2606838390174743 -0.6382268662186535
-0.32937468176642254 0.3084619619282683 0.08329407401281046 -0.529159587482761
0.038008569518325486 -0.005591218665481054 -0.24748002606193292 0.23712249286475512
0.4216089561348486 0.12384288619962153 -0.18539894058675593 0.2626257823860042
-0.11663746832819845 0.02747328006565856 -0.17284158114188977 -0.24246975025680065
0.12433608596487725 -0.03643117766562747 -0.18447235722145477 0.5030009058796264
0.07237586921768072 0.20878910168154677 -0.10872632195312142 -0.11816796490886917
0.48724030712630284 0.22513977375419886 -0.2886537275793555 -0.44679803611142516
-0.2655141389243604 -0.19466111699812624 0.25929642940672815 0.3602454175819931
-0.25973115007284925 0.03967817938641399 -0.19758458926298383 -0.2336736363200876
0.5710503040150126 0.05735073415150689 -0.15234900485348526 0.46577838146547945
0.1403724254995816 0.17446082499170001 -0.07835388891881577 -0.2216583260457116
0.12307299204013605 0.18774647235990155 -0.1883941751862178 -0.17593213581285044
0.5297149361641683 0.004449279323695512 -0.0898477245963694 0.5507901022162013
0.3145927041974625 0.20446029901838908 -0.231647302162979 0.03485721311384419
-0.34113879184979634 0.036130885391974 -0.12917364649577864 -0.3453706810782963
0.48172975029777504 -0.19772614170257685 0.10978789372531657 0.13920904932696265
0.010620482916853939 -0.15065549690493835 0.09114309705492543 0.04687252338822021
0.47141448324572194 -0.12804985024585763 0.011333024049480516 0.43235994962499325
0.4415460269077243 -0.029577724321742188 -0.012300238878287755 0.6531016027223503
-0.41899243405418735 -0.29619913919769836 0.4776738124254066 0.5337873046581221
0.42299588279730954 0.2286870677486389 -0.2989000157235578 -0.7405383667248024
-0.511408806214418 -0.4532242768762297 0.8717357111952541 -0.3233803962365138
-0.3578562114419592 -0.18822892297381005 0.2723601774349566 0.25734924754381366
-0.10442136875214761 -0.06035812596981161 -0.07203011906401308 0.25002036168437913
0.44220234041763884 -0.042503122340795015 -0.0019138858067725424 0.6369829506372912
-0.49595448054699637 -0.41877688548222897 0.72674696297598 0.16354118615241128
-0.20056386799036474 -0.09221956618899578 0.04664554707011443 0.44525713833271496
0.5462713731972956 0.17981227096857016 -0.23427621310639155 -0.06364566073929498
-0.155997704012413 0.030178055420960474 -0.14459156272538265 -0.06190004018999883
-0.2979706994807003 0.0278945393852276 -0.19965862760973352 -0.2676792314362461
-0.5353456744156408 -0.28339285588279955 0.45376580675560135 0.37783311137607023
-0.06139134988560903 0.1242031355487702 -0.016087379028326756 0.013751073745081806
-0.19476849586508163 -0.0031856826889075014 0.29719476647006293 0.42913395216830696
0.5120935375866514 -0.1852830129735134 0.0958514334576766 0.2711272038354406
-0.49344067597128594 -0.0007801467123339492 -0.0652447814025883 -0.28320845320595855
0.4628081079742011 0.1975458357040834 -0.2381118372697312 0.13481325939828057
0.04027347029121924 -0.04737258955134445 -0.16421142677437559 0.46020826498545264
0.11660892313116641 0.20211577301223585 -0.17837953288334082 0.1482976113816746
0.4328529687197996 -0.14055398894534143 0.04391966810010057 0.3400166225672276
-0.03034586337558542 -0.03546925379866672 -0.10286406603381497 0.2714203547357386
0.013344803146687886 0.11939206359562311 0.015346422928255842 0.16559285705775287
0.08640611840132553 0.17428070031712567 -0.016410605783664364 -0.37468350406842493
-0.37197314354200783 -0.254718169785238 0.4095429995128273 0.7542342425978057
0.48415687195708157 0.040880947374700764 -0.030256562559809796 0.4174088229722555
0.5691308965803568 -0.20025079238330443 0.11339187204733092 0.21630880161399169
-0.2942309508015646 -0.04490778674636256 -0.14477472455340729 0.08321770344837044
-0.09954483554074484 -0.21720575368678663 0.18193749262926012 0.620864298552232
0.5109295098520861 -0.12618759352969383 0.06699805843120596 0.6366882354796178
0.3752707456801276 0.25465697849089847 -0.25883605939946097 -0.6613733412943855
0.42281013369072995 0.23914591982069777 -0.28302419492389214 -0.6871722527891778
0.10197189353269495 0.0857261808703401 -0.3600599049460226 -1.061528514224595
-0.45060693199403307 -0.059997295573325574 -0.022732382406809123 0.28050796463378735
-0.2987756122758785 0.03799314210813784 -0.14842179977613332 -0.31517371261514754
0.4381406266204319 -0.025730319377567853 -0.03436423590889192 0.49715194351964737
-0.027601729907716317 0.21828632041031362 -0.08038488423597964 -0.15128941455200756
-0.23269846342863335 -0.30100730591415875 0.4013761368279637 0.48981580313325473
0.43374456443138165 0.25177207846102223 -0.2759616903197653 -0.7076889618425933
0.4723060789573039 0.16772648635196874 -0.22449321664483993 0.026061099177131196
0.6623274149882217 0.10622843616826229 -0.20506190153646056 0.25734924754381366
0.3667139035036946 -0.022485169998542897 0.03999785013533757 0.7431030777964498
-0.3715273456862168 -0.25579891783268405 0.33098273662802113 0.43060072683765066
-0.0006730627631849576 -0.08344313668219501 -0.13310085157313062 0.34294790486624044
0.20134766555277409 -0.08470546202255878 0.20547917464301607 0.20370179398459448
-0.23259939723845757 0.006433555980700031 -0.10074100496250576 -0.10792094558053339
0.4428834204750974 0.25375635511802674 -0.2982535622128825 -0.8780116525810595
0.4892463974773623 -0.19760702699842286 0.10604923758857822 0.2635053937796756
-0.36124922845547963 -0.2722716098461769 0.29622508620405014 0.123965474556226
0.2799690707310274 0.1416374609055551 -0.0970023488257674 0.37197054677804453
0.3832703405368218 -0.03504857552643501 0.029794658891847018 0.7093921978379646
0.41460002317991224 -0.13965336557246968 0.046230739400764484 0.2344836586837412
-0.5149132726918862 -0.0005419173040259408 -0.0771999155311346 -0.298760345372415
0.6139335810873532 0.2345178777788117 -0.2804383808811912 -0.4925242263442862
-0.24654296350569857 -0.34290953464618823 0.36153843923260326 0.02517695370411107
0.010620482916853939 -0.15065549690493835 0.09114309705492543 0.04687252338822021
0.250013931476626 0.030300075361801158 -0.06450620826664187 0.25734924754381366
-0.23674779395206832 -0.0517011016908335 -0.1379007688898941 0.16002274057772609
0.3514453269428525 -0.004028201328045579 0.038704943113987124 0.40919987231121485
0.08643088494886947 0.059335010808511404 0.10775695227927859 0.4613803244971229
-0.25486452348046407 -0.24016874445832936 0.17561302244982088 0.30864986163208297
0.02804127245926483 0.2459412684308494 -0.15086754889152124 -0.6174154420075645
-0.33266863258976714 0.27918589183656334 0.06422908256048042 -0.47200751729087065
0.3074227886834904 0.2588056564794819 -0.2554206300180602 -0.6643204928711192
0.44714326665265586 0.2687851444982381 -0.31007288723306115 -0.8044462151464364
-0.09025366522963388 0.20704305443285026 -0.10369529750629151 -0.20114161699229596
0.19916820936890695 -0.01971938467282065 0.15188817860804033 0.47515939163819043
0.53977015446701 -0.006253612630044784 -0.07807693746061732 0.6085316027234385
-0.5234081984994594 -0.4250899648023912 0.6140270191645775 -0.3702854471000685
0.03762840301352593 0.0851277021128834 -0.33379773107484173 -1.0143287482033667
0.46923502706185477 -0.022964534051845606 -0.036395716066188806 0.48805658034591204
-0.6787811345163981 -0.22441945637982058 0.5304351931216825 0.1817160432221608
0.1857818904214047 -0.05584917779572202 0.18415159590332275 0.1931487243002133
0.21208396391307424 0.12077495625848424 -0.10641848292001088 -0.23544192726612784
-0.05251423909961152 0.04761238077774536 -0.3127017981764737 -0.729679246684376
-0.4950133517403264 -0.29938618384298965 0.5923331167688348 -0.02054923652875009
-0.0751287346445467 -0.09017718479825762 -0.0008526246267473981 0.43646329143567636
-0.21278615920330157 0.03919591009642461 -0.1704874129405142 -0.46908303611088104
-0.07443403298593905 0.16574511493165092 -0.010317781445550414 -0.5514445874822169
-0.29725246960192586 0.2871200932278947 -0.09709446845103861 -1.5144377003783382
-0.4537522835321141 -0.2654181565022916 0.5519459336894005 0.055661836205909976
-0.1392518028905746 -0.0703974618643135 -0.09437128303731925 0.37783311137607023
-0.01294488707120969 -0.1852830129735134 0.170996266961082 0.045988377915200086
-0.5664896079521516 0.04472748074786911 -0.10106423171784337 -0.6112490940931679
0.45353303591899363 0.2401685631344102 -0.28712917471667976 -0.6780814236947913
-0.08924566674459533 0.0364911347411227 -0.26797260235033743 -0.45294171362907776
0.2642670795881663 0.04622948811488423 -0.0422116428172302 0.17790514952947664
0.13326442635446942 -0.05470694672397637 0.2604977555140663 0.20135767496125395
-0.31328880913663026 -0.2622921218274207 0.28127046165709674 0.19373588757588564
-0.06942499874517617 -0.08927365618869919 -0.12654365812984827 0.40128563680784757
0.28263147459200144 -0.1778862803692184 0.15050369067267752 0.30864986163208297
0.418302622037732 0.23890769041238977 -0.29327048306809433 -0.7642742721158812
-0.11147983480217191 0.012084241336298525 -0.23589234688307958 0.03367835248315072
0.137957687114047 0.2108924930427053 -0.16324174650836276 -0.12374488250791917
0.22496256863592562 0.048033640097314395 -0.056289784145959816 0.33444650608720083
-0.45292260418939195 0.0253088787340797 -0.05790537921138897 0.07501101982700419
0.3115835686708731 0.009498580685150625 -0.002791985158773049 0.26174639769630037
0.42806064177004627 -0.11837250684251645 0.06640008893383136 0.5205931337530526
0.21028838921613824 -0.11512445222680483 0.062478270969068356 0.25617650792024105
-0.17423083631426525 -0.24227213581948787 0.22652662352808345 0.50417976651032
-0.2728574202711401 0.04388496210873103 -0.14071284166133133 -0.269152807224613
0.3106176733166593 0.1594320356114887 -0.12792868477646996 0.06973335146497639
0.5730935441873879 -0.06624936492306746 -0.051212430530864855 0.4965579791249517
0.013079801087967672 0.05729262941777324 -0.3347674113408546 -0.7141500249146635
-0.3744250317488584 -0.06721128879002822 -0.02494810181464844 0.367572489809688
0.299968057872763 0.14512374492957475 -0.11805033642209369 0.3798847822814118
-0.2834698858937205 -0.33485331331401613 0.3436316769868996 0.048627212096213984
0.17186309070170763 -0.24395717309776402 0.35844623660654007 0.17526631534846274
0.16240226953992065 0.08368379947960194 0.03718039025131141 0.41213115461022776
-0.4738008037689375 0.0416624560434185 -0.11408111186654783 -0.5285928275641585
0.5305446155068905 0.23511926177295508 -0.28800727406868026 -0.6045159862601684
-0.16960196857830195 -0.20403922102273908 0.16910539044235698 0.5845009821746865
-0.27932148918010974 -0.25579891783268405 0.219280957095932 0.28314634540686634
0.38588321130270803 0.19448081099963282 -0.25195671662335883 -0.002095533579048083
0.06614460585562415 0.1530579463209061 -0.006347479467486764 -0.28674503509803906
0.590615876574729 0.04617138338115058 -0.14283536402138164 0.49978170954196355
-0.4993227310129728 -0.45268390285250665 0.8731201991306168 -0.2949517187194053
-0.09832136809207397 -0.1851028882989391 0.03819855453062488 0.4839532385352289
-0.608171707468611 -0.4344099640932704 0.8450102456414227 -0.41777992827896987
-0.3079268515933662 0.05566860210991741 -0.1181429947586238 -0.005020014759037696
-0.32183326803929124 0.0319211974329703 -0.20529354737778582 -0.2793998265529488
-0.30683712350143255 -0.02019874872612335 -0.06529111057085336 0.02281923244272409
-0.5348998765598498 -0.4290585181164002 0.6140270191645775 -0.4406316881970284
-0.500164793629467 -0.22940774777085537 0.4683541076465055 0.08233809205469915
-0.025932464603254428 -0.0709988458584569 -0.09704813928277356 0.542583418594835
0.19584949199801832 -0.0021630393751950697 0.09372891109762632 0.36728004169168904
-0.2654769891030445 -0.3112279285779097 0.3542496758997401 0.16705963172709648
0.19779366598021803 -0.0020439246710410655 -0.2375569646730683 0.27083405293514257
-0.1732228378292267 0.2175658217120162 0.017932236970956715 -0.8322854623481982
-0.3713415965796372 -0.2240592070306719 0.2485922366924643 0.2808010928636886
-0.4127017309780253 -0.07340351026402445 0.06501560099846859 0.582460646467717
0.3412662759022912 0.1112777375297174 -0.08527783698715449 0.20194483823692633
0.049432139572970095 0.16321755901423668 -0.04027282099646343 0.06035234129226544
0.24704194577135258 0.21672330307287813 -0.2502490019326585 -0.05954231892861185
0.14071915716519684 0.17403956567213097 -0.059659423070354406 -0.22752995880243498
-0.5181205405988272 -0.4468530928223338 0.8724737456199415 -0.35942632705964184
0.37507261329977604 -0.1851028882989391 0.11555749130809291 0.30513141605739774
0.010620482916853939 -0.15065549690493835 0.09114309705492543 0.04687252338822021
0.3815862153038336 0.1423579596038525 -0.11158849487163597 0.16383363427041026
-0.22671734219677062 0.04057880275928574 -0.1503180634074473 -0.18207581333050307
0.3755803275244269 -0.17416176693689078 0.15571841565879097 0.6196854379215385
-0.189196022667694 0.011180712726740103 -0.21124630678858683 -0.057501983221642364
-0.00540099668932405 -0.059997295573325574 -0.07701529918271094 0.34969008085793746
-0.15460830069519768 -0.22255429442697008 0.16130485141354267 0.34294790486624044
0.4494465555742428 0.048274774742309096 -0.03621093810438747 0.3596582543063207
-0.3746726972242978 -0.08650787086297693 0.13453090184641062 0.44643146488405966
0.39476201859721227 0.1959218083962276 -0.22652415809087786 0.1688188545144391
0.0425879041592009 0.11782904625818764 -0.010964234956225635 0.19021744200120044
0.18865480993650233 -0.20446048034230815 0.3886840995683735 -0.05396540132956186
0.2436365454840601 -0.008717253340351996 0.08800241041556166 0.4326523977429922
0.10787871512192582 -0.06035812596981161 0.2743911188809946 0.0993408896127784
0.02263473513042164 0.05729262941777324 -0.32996749402409103 -0.7261653351890395
-0.15115460564019456 0.22207474904974828 -0.2792855387871538 -1.4308972883763087
0.37463919871775697 0.2669809925158079 -0.3017605725082956 -0.8844727156531295
0.19584949199801832 -0.043164354210684076 0.17178278539907021 0.19871884078024007
-0.047621149451175626 0.12264011821133473 0.020749696854982885 0.10667022888014775
0.13840348496983798 0.054587854062471325 -0.34003062034026865 -0.5796012202383962
0.2645147450636057 -0.1839001203106523 0.2471592647438009 0.2878366237892544
-0.02366756383036066 -0.039196672467681055 -0.17981250483200423 0.36991887587270295
0.17307665153136093 0.12913332220607135 -0.07724608308602199 0.28138734932349124
0.37560509407197085 0.14374085226671363 -0.13222275222113009 0.10432610985680725
-0.12053819956636978 0.15702649963491513 -0.050196959807845866 -0.05954231892861185
-0.03596663134068373 -0.0874724094429557 -0.021210523100427876 0.38076439367508313
0.3703669692664265 -0.06011757237215425 -0.03201060641877522 0.3362057288745434
-0.11556260016479124 -0.004327440706773931 -0.1963347791423451 0.11575879093485975
-0.460550700832927 0.06144130740635662 -0.09972553423948677 -0.1430827309306413
-0.19380260051086776 -0.0005419173040259408 0.3305679289586712 0.5018447156456771
-0.7101727335283483 0.15889166158776563 -0.07369182781320374 -1.40716138298523
-0.41075755699582567 -0.004388450677194274 -0.038149759925154236 0.16500796082175492
0.568103084857283 0.17878962765485773 -0.2396794870331186 -0.11875739522421591
0.26306590203228497 0.02032058734304493 0.0244398689784206 0.36141747709366334
0.4387969401303464 -0.04611026421098067 0.04627383630147618 0.7604005905122025
-0.4409727449994385 -0.262472246501995 0.5382842161637974 0.25119310130795175
-0.30812498397371774 -0.3715871259804364 0.43608530323863404 -0.04986205951887873
-0.6109084109722169 0.04376584740457702 -0.04498115739921463 0.005544390123715546
-0.08347629949423335 -0.10766961488877617 0.039723107393300594 0.5516742476892215
0.028255503095519954 0.2247795244050502 -0.09081686615112333 -0.10703680010751326
0.41987529780677246 -0.14614656956720629 0.05689183521431667 0.3880937329424525
0.4138570267535938 0.15269769697175742 -0.15714892217024878 0.3611250289756644
0.4345990103216477 0.01683139808233861 0.006673171660029968 0.47486694352019143
0.09587932283688448 0.0625220554538027 -0.3319068545561167 -0.32220153560582027
-0.5768915579206085 0.12630652690992872 -0.06676825684274623 -0.9870789313169518
0.448455893672485 -0.04418641647705917 0.0031607742520279292 0.41828843436592683
-0.3009550684597456 -0.33184929857998585 0.44628849448212465 0.2409333865574393
0.0426374372542888 0.13712853356782304 -0.13683950770986897 0.030459156145487717
-0.6766016783325309 0.16213681096679058 -0.08250832240517007 -1.4308972883763087
-0.8459800969855705 0.13147784821222452 -0.016916994367026626 -1.2300829140170206
0.48669544308033597 -0.1460245496263656 0.05268988739492774 0.4481884206317278
-0.16613093694001807 -0.28543814251022437 0.2899921969386232 0.34763840995259593
-0.1789798218058167 -0.06137989771251803 -0.12409737030320146 0.27083405293514257
-0.2422088176855082 0.2591048958582102 0.07461543563199563 -0.6587435752720693
0.36224354167201256 0.22892820239363354 -0.2811279312925781 -0.5716665813779591
-0.14963270129361914 -0.11037439024407807 0.05412285934359114 0.5267594816674492
-0.09833746634797752 0.06372482344208948 0.09247910097698755 0.18582165207251833
-0.42596421718780786 -0.41138305811462067 0.5687483378543672 -0.21959531994199796
-0.09863590324588206 0.1849806870341793 -0.17879434055269078 -0.48549640335361355
0.07179385535039802 0.1897917589873264 -0.16536426886841304 -0.20173104730764274
-0.3781523971542221 -0.2550174091639663 0.2596196561620658 0.12895069480025484
0.0336781386802667 -0.2155817263789308 0.3738210559354324 -0.38082718158607765
-0.3829818739252913 -0.10250119882316705 -0.0017738208794595813 0.3074778021204127
0.28985092320106143 0.1433806029175649 -0.13277762481779298 0.2872503673294518
0.24950621725197508 -0.23938723578961157 0.35369480330307723 0.3168588122931236
-0.23048185742345026 0.2892844945594736 -0.05287435476455907 -1.3162757624381105
0.6152462081071822 0.03432673340954384 -0.13743747720724353 0.6249676403629151
-0.36791142974480084 -0.25802432913468326 0.3990650655272998 0.6167609567415488
0.06359860476810661 -0.07244158639706369 0.31205781010300404 0.11693085044653001
-0.31665705960260676 -0.021523536655250815 -0.10521823423519056 0.0861489857473833
0.057134535859136984 0.08284128084046384 -0.336194996176929 -0.9973259506452877
0.18688400178711026 0.12997293560852272 -0.07032224275993504 0.4018728000835199
-0.08813612541462659 0.1820347770338827 -0.24411308069383283 -0.3028636871830982
0.4328777352673436 -0.014850207985939886 0.022085700777045015 0.47369261696884674
0.24013207900659192 0.2484049091411566 -0.23737380284504367 -0.45559415004813814
-0.7324130932228109 0.18185465235930837 -0.06030587658102963 -0.8706891144327134
0.18664871958544277 -0.042382845541966335 0.17505814985315798 0.5167845071000429
0.14466942149845607 0.12209974418761169 -0.04678099171518622 0.37871272276974155
-0.07924493484635035 0.21203425106057175 -0.2748519451264395 -1.2737687685429122
0.46223847738069035 -0.06877430612746369 -0.06266004478240521 0.3332744465755305
0.3411548264383434 -0.15504240430182972 0.07415753106193401 0.22422303711735897
-0.32349262672473555 -0.24317566442904626 0.24978817568721345 0.2230509776056887
-0.11473663580420068 0.033065860687523416 -0.1741775850639519 -0.372325782807038
0.14947413172198137 0.06763236678567816 -0.33938416682959344 -0.33335537080392036
0.06217700493908418 0.2022958976868102 -0.16596223836578763 -0.10615265463449314
0.45962560661480417 0.15498411824417696 -0.17847111379735317 0.07501101982700419
0.21565034675940228 -0.07935517814036332 0.19956951213292676 0.1160512390528587
0.2202445413288041 -0.22550020442726668 0.3432168693175497 0.07677024261434678
0.08783019488510237 -0.031621848854492374 0.21858601957195614 0.14096827211430527
-0.5779317529174541 0.08698995882904721 -0.1018028048537898 -0.9360705386427142
0.4123338840796412 0.024948629384931004 -0.03967269665405327 0.34763840995259593
0.15493515545542125 0.1983273443728012 -0.14339023661804454 -0.04401309715889946
-0.1624778711772862 0.038774650776855574 -0.27341897317777614 -0.47670028941690046
-0.1410870040635809 0.19760684567450376 0.04438295978275114 -0.7718915254219006
-0.16358493585250053 0.025730138053648738 -0.2446194692771951 -0.0026849638943948163
0.4287664883750487 -0.19502136634727496 0.10762227446455458 0.1482976113816746
0.2567132825872631 -0.022183025383127865 0.13614703562309868 0.2986839552233741
-0.49555821578629317 -0.2944559971856885 0.4678908159638549 0.48952335501525573
-0.42520883748771754 -0.32186981056122965 0.44061047781336055 0.1046185579748062
0.07248731868162846 0.01184310669130384 0.190476066082762 0.4581565940801111
0.4406544311961423 -0.18564326232266212 0.12566910163757114 0.24532917648612138
-0.1042393346276996 -0.04009845793522746 -0.10369529750629151 0.41946049387759715
0.33288279955866584 -0.14698618296965768 0.028458654969784888 0.185234488796846
-0.02867659807112353 -0.00012065798445690198 -0.25213987845138347 0.1301227543119251
-0.2650188079734815 0.04027956338055739 -0.19827413967437074 -0.22809671872103762
-0.04810050597888868 0.1397722989527046 -0.017606544778413523 0.05859311850492284
-0.10688440190539292 -0.06011757237215425 -0.07290714099349581 0.23477610680174016
-0.6092366690130007 -0.4419229061650327 0.85714741030435 -0.4596974918588212
0.45047436729731655 0.16610536428079964 -0.1874729789335056 0.004954959808368813
-0.03869466655264927 -0.04935657568468029 -0.10078733413077082 0.4901105182909281
0.21801555204984907 0.07634807684572727 -0.3433544688076571 -0.3477057319429392
0.2621000066780711 -0.1997104183595814 0.26802355180084364 0.17585347862413508
0.01694833581433188 -0.056569406806708265 -0.008378420913524752 0.14272296082229902
-0.04727392245460952 0.14903128827316345 -0.18594842607082987 -0.4441455996923647
-0.2886089445090891 -0.25309414247738216 0.20893770092512848 0.19637472175689955
-0.0668963342409394 -0.0781527006757452 0.34261351270758617 0.415649600184913
-0.28204580940994367 -0.30707925058932634 0.3384169520007862 0.11898252135187157
-0.4722652778212129 -0.0764092681400667 0.06113687993441729 0.4329448458609912
0.025115104866947728 0.09528731480621398 -0.35627815190857254 -1.117524394182536
0.4757486290659123 -0.1329190269327384 0.03985778520802462 0.4842456866532279
-0.027734230937076422 -0.0692554133227784 0.3409542820301864 0.4763314511498606
-0.2825906734559105 -0.046831634480284066 -0.03362566277294548 0.5918235203230326
-0.414633521686453 0.061920671459659314 -0.0999103122012881 -0.6440758285786329
0.014766402975710333 -0.15642529696469085 0.01654774903559396 0.5197089882800325
-0.16728753471032032 0.23433775310423735 -0.01170226938091318 -0.9146696841162784
0.3711842653353767 0.12612640223535437 -0.18041047432937882 0.18816577109585886
-0.1645929343375391 0.0030663866608343845 -0.20270773333508496 -0.018803615979453944
0.17908253931076756 0.015930774709466865 0.05901435757436698 0.3555549124956376
-0.24228311732814004 -0.244076287801918 0.23483355114026006 0.4681225004888199
0.20537222952866516 -0.25369552647152555 0.3806519146982339 0.1336411998866103
0.7590407831473267 0.22940756644693627 -0.312933444017799 -0.461148397250444
-0.28867086087794896 0.04604936344030989 -0.1714086091932264 -0.6024529801564548
0.2934296893211615 0.20812670771698302 -0.25666505302611 0.03837112460918059
-0.2714333437873633 0.02374586139664423 -0.2117095984712374 -0.23630340234240388
-0.5345036117991467 0.08644958480532416 -0.12502072140094925 -0.8815255640763957
0.5416400288065778 0.009016311395161243 -0.08947816867276673 0.6223152039438546
-0.28091893149669417 0.2646974764800751 0.09635782204103888 -0.8381570951049215
-0.43954866851566166 -0.30653887656560325 0.48713896924420963 0.49040296640892705
0.020369834357527882 0.04586923876573554 -0.289671891858669 -0.1343092873906724
0.04007533791086769 0.03216233207796498 0.08181800516343536 0.2547108667707346
0.007674502086501688 0.2411912064481226 -0.1343883714818921 -0.6402672019256231
0.000930571190285474 0.029817806071811778 0.15756619527680432 0.43235994962499325
-0.08443476488418401 -0.061019357839700666 0.18904309413409856 0.30513141605739774
0.19599809128328202 -0.06318346864761086 0.20325968425636448 0.5141547410777265
0.3219112189966982 -0.1311758849207286 0.049597684768864586 0.33884456305555727
0.39566599758256626 -0.03222294232496709 0.01239428522950566 0.4461367497263863
0.06571490625573671 0.11380238821044496 0.04987781462349053 0.28519846972014284
-0.014328098751539018 -0.08470546202255878 -0.01631902486965204 0.4710560498275072
-0.059655586400991646 -0.072140894399992 0.34067415217556046 0.37285015817171585
-0.039239530598616054 0.05266168213920047 -0.3143664159664624 -0.7214725630630097
0.6571264400039932 -0.06871445825171803 -0.054812637874066934 0.5821659313100437
0.24310406471186533 -0.04899574528819426 0.1858593105940231 0.5959268621337157
-0.18250905483082888 0.21720557236286753 -0.028963655538459355 -0.9389950198227036
-0.21211746241961504 0.006253431306125677 -0.1009257829243071 -0.04664286318121573
0.08312455085175283 0.16039366895478077 -0.05315125235163162 -0.4174852131212965
-0.15715430178271522 -0.03246349592262445 -0.16369965107842435 0.2265694231803739
0.07303218272759526 0.14464147563958535 -0.18336799914071797 -0.3447812507629495
0.24246013447572276 0.07652820152030161 -0.344044019219044 -0.38699352950047433
0.31247516438245515 -0.18930967102125612 0.24291422002370028 0.3998188621385039
0.3178990382945791 0.11302087954172721 -0.19545667979034456 0.11927496946987054
-0.4130732291911845 -0.2782825445509241 0.5621006409195903 0.07911436163768731
-0.33618548234100737 -0.08073778027955576 0.07115690934988321 0.28021483640388606
0.1072595514333272 0.01899579941391747 0.03302692644522311 0.22715431941637182
0.04984450258957678 -0.023685032750142995 -0.20838575000384899 0.25588337969033975
0.19458639807327716 -0.255258543808961 0.362788249353242 0.21572163833831934
-0.22976362754467586 0.2827331858310033 -0.07840005647370314 -1.3400116678291891
0.06604553966544838 0.05578771681407142 -0.34095181659298085 -0.6666555437357621
0.4139684762175416 0.22826580842906985 -0.2857931707946177 -0.5306331632711281
-0.05555597978604244 -0.08560724749010519 -0.12594353378743814 0.4174088229722555
0.3812766334595343 0.028615038083525005 -0.018301482302389382 0.3625895366053336
0.346306268327484 0.17187516434055214 -0.26571540217556316 -0.005314729916711088
-0.013534330902755578 0.23662126913997023 -0.13984012942191978 -0.665771398262742
0.52539317361775 -0.15432190560353232 0.11269693452335505 0.6050176912281021
-0.06638366670677974 -0.0030055580143331538 -0.19471864536565703 0.14155543538997759
0.45004095271529737 -0.14115537293948482 0.04318163367541303 0.383695675974096
0.062210439778268505 0.1952013096979302 -0.16337642432308677 -0.025536723812453345
-0.08813860206938098 0.1820347770338827 -0.24411308069383283 -0.3028636871830982
-0.4822338132076508 0.02230486400004945 -0.0665834788809449 0.03837112460918059
-0.2222717469126325 0.25483710316547287 0.016407684108280987 -0.3878776749734945
0.2569733313364745 0.14289833362757554 -0.07687679651804877 0.37197054677804453
-0.14007776725116516 -0.10719025083547347 -0.09386327832018031 0.24210544606910953
-0.11468710270911278 -0.029878416318813886 -0.16301010066703747 0.1412629872719786
-0.5023194832657902 0.060238539418069836 -0.09460185145612675 -0.6150577207461776
0.07507542289997073 -0.2572428204659655 0.37123524189273155 -0.024357863181759826
0.36322182029999833 -0.20650286173304633 0.12368125709224484 0.011098637326021432
-0.42849040503729025 -0.05765271146243863 -0.03833399917569667 0.2576423757737149
-0.18747474761338984 0.008054678051869168 -0.21461325215668692 -0.019098331137127333
-0.5844453549215117 0.19177603564433093 0.09382049201163864 0.062404012197607
0.416048866211233 0.1761429570332895 -0.21253921380993726 -0.15423656612874131
0.03845560570149369 -0.165443151640155 0.011607766791517479 0.627302691227558
-0.2605855959631154 -0.11656835486008629 0.010040117028130074 0.431480338231322
-0.3567664833500256 0.3109285078752622 -0.035657142930242365 -1.4666711744385075
0.18287182108499117 0.20187463836724115 -0.20127476138642156 0.09875599337678047
0.14999422922040423 0.17253755830511586 -0.12248177523777233 -0.536210080870178
-0.09139540307140975 0.021221210715916674 -0.22481644340017748 0.1213289074148865
0.521356226368087 -0.15383963631354297 0.06464389022983034 0.39542307220982187
-0.45854461048186745 -0.42599349341194964 0.7627975204213014 0.23800210425842638
-0.013799332961475792 -0.08194025774417386 0.3604340811518664 0.42708228126296544
0.42502673969591304 -0.13249776761316936 0.028367074055772563 0.29428589825501755
-0.4692066091995358 -0.045508880216837286 0.06732128518654355 0.18435487740317472
-0.312483896341452 0.25868654177532785 0.051860272056227875 -0.505128966934009
0.5216658082123862 0.25014805115316646 -0.32230163281000074 -0.6833636261361681
-0.6204930648717236 0.044425336132454064 -0.03934946989871567 0.05536938808791101
0.520390331013873 -0.1331601615777331 0.07747599241673347 0.5419939882794884
0.011741169193217448 -0.027834582309732375 0.1415018255365251 0.03249949185245721
0.46311768981850043 0.04100006207885478 -0.1520257780981477 0.4071482014058733
0.21984827656810096 0.16075391830392946 -0.14685415001274593 -0.47844590996619657
-0.20533142839257415 -0.005050844641758011 -0.1550263998101985 -0.05133563530724559
-0.42255881690051544 0.01226436601087288 -0.046919440508722494 0.17907947608082134
-0.1922546912893712 0.04106107204927512 -0.1477753462654581 -0.17357441455146347
-0.29118466545365934 0.28375582914471575 0.06183181745839314 -0.47259694760621745
0.3918643325345707 0.1513148043088963 -0.14551275897809485 0.31832331992279284
0.019147605236234193 0.2571235244378924 -0.150086417566122 -0.7109308285770006
0.04219163939849778 0.20722608434411127 -0.20506190153646056 -0.044602527474246235
0.02847097205915227 -0.05717174952895826 -0.08541628578069077 0.32330854016682165
0.26811827773124974 0.04635150805572492 -0.03422578711535565 0.454053252269428
-0.1724947013314347 -0.25087163641206967 0.19329352596678814 0.344707127653583
-0.49630121221261153 0.05873362681436802 -0.07955402986138431 -0.2105271612443557
0.5644995521896391 0.17265667300926987 -0.20196969891039743 0.10696267699814672
-0.15029396811304246 0.03805415207855818 -0.2520967815506718 -0.4327197197333355
-0.16186613745295073 -0.00781662996748026 -0.1936142872849202 0.0931858768967537
-0.006678950542591609 -0.035227538106334694 -0.03450052985739262 0.1694060177901114
-0.24038847644102826 1.3619563837913976e-06 0.30970364190162847 0.47222810933917747
0.5761026797139773 0.0394370447414193 -0.14371346337338214 0.5238123300907155
-0.3726294570519224 -0.22020976842081688 0.2534837349232401 0.4179959862479279
-0.21469318336418536 0.24245498440682972 -0.2343731811329928 -1.059193463359952
-0.04552168921587541 0.01653215870361026 -0.23367824360901698 0.12924314291825378
-0.2748758938959716 -0.29162920188954594 0.3064282774475407 -0.004430584443690963
-0.5970391443476077 -0.2803278311783489 0.5693032104510302 -0.05954231892861185
0.32848673736961553 -0.1309347502757339 0.04488934836611341 0.3403113377249009
0.3930407435429081 0.1433806029175649 -0.1379007688898941 0.33415405796920183
-0.1606265717483763 0.00036161130553248675 -0.2031225410044349 0.023113947600397478
0.295893960801784 0.2594070404736253 -0.2448026311052197 -0.6317658031465834
0.4337197978838377 0.23938705446569247 -0.2812679962198911 -0.6405619170832965
0.3853754970780571 0.2164240636941498 -0.2926671264581308 -0.6267783158628801
-0.24852428730921416 -0.024948810708850112 -0.1136652267746801 0.07999397303135862
-0.1499138016082429 -0.05206164156365087 -0.07696913162782355 0.18992499388320147
-0.225652380652381 0.3073812138808222 -0.03805710158862412 -1.4411669781013887
-0.059655586400991646 -0.1024401888527467 0.38129836820890917 0.4414462446400308
-0.023502866289193427 -0.013046056003509719 -0.15174564824352174 0.13745209357929447
0.472268929135988 -0.012804921358515029 -0.10134112930491591 0.48629962459824383
-0.17042917126626972 -0.05470694672397637 -0.08832424915621145 0.3417758453545702
-0.024146796525335995 0.004809528672844207 -0.2558785345881218 0.11927496946987054
0.4192932839394898 0.20548003709541482 -0.31140889115512327 -0.6440758285786329
0.5874457584891041 0.18329855499258982 -0.2504321637606831 -0.08563594558107748
-0.2619972891731202 -0.2537565364419459 0.3093373182455792 0.5721909567426371
-0.6082212405636989 0.15829027759362227 -0.09210923446121488 -1.2658568000792194
-0.26500642469970953 0.025369888704500045 -0.20339728374647187 -0.2623970289948695
-0.7275340833566537 0.15438273425003357 -0.06939932263119439 -1.444680889596725
-0.06512725974987542 -0.04442697007471652 -0.09298625639069759 0.2388817156520977
0.48329004279304355 -0.15997259095913086 0.12340651435020789 0.4399817370103616
-0.2283890841559869 -0.262353131797841 0.22883230771615842 0.34119094911857223
-0.6934429306624135 0.17782799431156568 -0.07290714099349581 -0.749629195819189
0.2633631006028123 0.21341714372343285 -0.26875912078832565 -0.037257318929156
-0.03909093131335239 -0.044487108474130864 -0.1282055823635425 0.36728004169168904
-0.01715520015368033 0.08608933545617549 -0.35267417358655817 -1.1427338753619816
-0.4680301981911984 -0.07051773866314218 0.06654015386114433 0.39190462663513664
-0.2701578665888501 -0.225020840373964 0.240926375478374 0.544918469459478
0.26392034792255104 0.1949601750529355 -0.23658728440705545 -0.02642086928547347
-0.3712177638419175 -0.1053860988530433 0.005655007380716488 0.344414679535584
0.24591506785810308 0.13201822223594759 -0.11606572414432074 0.321841765497478
0.23192196849577415 0.04689188207944797 -0.04428837472027435 0.3652283707863475
-0.3436030633304189 0.30377290991596184 -0.037364857620942736 -1.4490789465650815
-0.23485315306495655 -0.10147855550945462 0.05592215494830385 0.38311077973809804
-0.31240959669882024 -0.06991664519266746 0.01650465213488227 0.6654116281543996
0.01694833581433188 -0.0565705979537498 -0.008378420913524752 0.14272749490164785
0.14944936517443744 0.04725213142859666 -6.610618875920418e-05 0.18757860782018654
-0.4860973946245062 -0.4095208013984568 0.6987770744140989 0.13041520242992408
0.18746601565439294 -0.19453909705728556 0.3840673440796346 -0.1530577054980478
-0.24714974392052522 -0.12011564885452629 0.15415076589540358 0.3335668946935295
-0.3323466674716959 0.040398678084711384 -0.12289712161838115 -0.386698814342801
-0.12414297056139097 -0.014670083311365538 -0.15206887499885938 0.01520197913670456
-0.3163598610320794 -0.05747235436892935 0.029703077977834693 0.576883728868667
-0.09691586651895508 0.03691239406069174 -0.2587444784854487 -0.45149080823745497
-0.8681956901324892 0.1417565756097091 -0.029241091836790804 -1.4379251113669815
-0.42114712369051055 -0.441864801431299 0.6504977713918377 -0.3254207319434833
0.2395005320442213 -0.25453804511066364 0.37834084339757 0.1685241393567657
0.13535719962193274 -0.2181673870300787 0.3910382677697491 -0.12023097101258277
0.3899696916474589 -0.013946679376381464 -0.020240842834415042 0.5877201785123495
-0.016609097780336347 0.15137581427931662 -0.09224768325475116 0.002007808231635047
-0.12225823629329675 -0.28603952650436776 0.28648518664321015 0.4388074104590169
-0.26022648102372814 -0.26367501449028174 0.34990766315303823 0.48952335501525573
0.10834927952526077 0.08717008350362156 0.03252053786186086 0.3200825427101354
0.6653860836098989 0.08969473418434912 -0.19587687457228345 0.369626427754704
-0.21056955319811851 0.026029377432377092 -0.20598309778917276 -0.15745576246640433
0.02739610389574507 0.09468593081207058 -0.01779509371902713 0.17468141911246482
0.5740099064465138 -0.04965697715808332 -0.06436775947310559 0.5443517095408753
0.5440547671921125 0.03330409009583142 -0.03833399917569667 0.4531736408757567
0.43741001346788555 0.05807413808649097 -0.03727273799567152 0.3464663504409256
0.015923000746012564 -0.026752962691280278 -0.19771926707770784 0.26878201930345313
0.05303567224061409 0.022484988674623792 0.15585848058610394 0.3942487456584772
0.1855466082197372 0.11969420821103814 -0.06127501813578356 -0.19526998423557257
0.4605543521477021 -0.17019321362288176 0.07895744837869753 0.2661437745527545
-0.08813612541462659 0.1820347770338827 -0.24411308069383283 -0.3028636871830982
0.23278879765981225 0.25399748976302144 -0.26539217542022553 -0.8105898926640891
0.05477056889606743 0.1421168249588578 -0.029933335804472185 0.2312599282667294
0.3684599451055427 0.10117622957012047 -0.2111978227752862 0.06621490589029116
0.3598535698340219 -0.18991105501539948 0.13923923824916182 0.21630880161399169
-0.34126262458751605 -0.32691911192268475 0.4221003589576935 0.08908253508607057
0.39037833968193403 -0.14578632021805757 0.07604840758065903 0.3256526591901622
0.2966988735969622 0.1285900429456616 -0.11491180462776547 0.1371573784216211
0.4193304337608057 0.26163245177562444 -0.29137960654936934 -0.8698049689596932
-0.3993030287567511 -0.2218337957286727 0.24540306603979992 0.37431466580138506
-0.43741874542688236 -0.3597424760088297 0.40802383376274054 -0.2609461236032467
0.5441290668347443 0.16959164830481926 -0.20722752079722254 -0.006788305705077946
0.04060410370093091 0.11326201418672191 -0.010867266929624352 0.12367302643822703
-0.18441607899171264 -0.032764187919696146 -0.1667002727904752 0.16412834942808363
0.30255616209110514 -0.1737986123510554 0.12003956898210778 0.19637472175689955
0.16605533530265254 -0.2427544051094772 0.36375792961925485 0.06650962104796455
-0.3338821934194205 -0.05873482497112747 0.07623156940868367 0.3804719455570842
0.31704459240431304 0.15336009093632116 -0.14076132567463198 0.34294790486624044
0.09018301690177713 0.24317548310512715 -0.14435991688405736 -0.6455494043669997
0.28318872191174027 0.20800759301282906 -0.2536644313140592 0.05067888300155555
0.3370683460935925 0.028135674030222296 -0.04313445520371908 0.4511197029307407
0.557304870128123 0.014187632697457042 -0.08476983227001554 0.6384338560289139
-0.01294488707120969 -0.1852830129735134 0.170996266961082 0.045988377915200086
-0.12182853669340933 0.02741227009523822 -0.1641144587477743 -0.28116811749898907
0.08978675214107402 0.2036787903496713 -0.1873813980194933 0.014612548821357828
0.4504496007497725 0.24636252775041845 -0.3000528578175952 -0.8085495569571197
-0.8315659663149946 0.13778802229570009 -0.046965769676987554 -1.3192002436181
-0.22923114677248105 -0.12131841684281305 0.006484622719416359 0.4106666469805585
-0.209442675284869 -0.009678886683644085 0.30222632962815177 0.3664004302980178
-0.5360762875681871 0.061499412140090276 -0.09155543928706977 -0.22487752238337466
-0.3837124870778377 -0.42809688477310814 0.6071961604017759 -0.16244324975010754
-0.4970442086389299 -0.4315221588267074 0.6346165634795832 -0.3119545162774845
0.2541375616426928 -0.08476560042197312 0.21240161431982987 0.23507082195941356
-0.06881326502084073 0.20000947641439065 -0.024347977472238283 -0.6880563982621979
-0.038447001077209816 0.20518079771668643 -0.12566663620036558 -0.28146283265666233
0.0610860385197734 0.21816720570615963 -0.11098837052922579 -0.10907713581448279
-0.14295440174839436 -0.25219351910451043 0.23935872571498656 0.4115462583742298
-0.5251790066488514 -0.29108882786582285 0.4729654760226553 0.41770127109025446
0.22548266613434848 0.17945202161942148 -0.08869326636855523 -0.4711233718178506
-0.34195608791874654 -0.014068699317222152 -0.11952748269398655 -0.021433382001770213
-0.5792567632110552 -0.43537159743656245 0.8465294113915094 -0.36500324465869183
0.3851278316026177 -0.019838499376974655 0.03228889202053558 0.7586322995661622
-0.37458601430789407 -0.05891509490753615 -0.006347479467486764 0.5062427726140337
0.43493335871349104 0.14320047824299056 -0.1584849260923109 0.14360710629531914
0.29595587717064387 0.027232145420663878 -0.0646909862284432 0.3998188621385039
-0.006673997233082822 -0.035228990724678035 -0.0345026847024282 0.169403750750437
-0.5311105947856263 0.04647062275987893 -0.09598633939148951 -0.605105416575515
-0.6414455640939011 0.03480900269953322 -0.017380286049677198 -0.0237911032631572
-0.6328144222748362 -0.22038989309539123 0.515620633502042 0.194323050851558
0.45447416472566354 -0.19550073040057767 0.10512804133586602 0.15855823294805685
-0.5667372734275911 0.024768504710356663 -0.038518777137498 0.10696267699814672
-0.3280372881990495 0.29169003053604714 -0.07106081589588148 -1.4948051367979427
0.07363896314242191 0.22790555907992113 -0.14902515638609687 -0.1345813321516017
0.07252446850294439 -0.023807052690983682 -0.1991953359270829 0.4048040823825328
-0.20884827814381432 0.24058982245397922 0.0420772755946762 -1.0002504318252772
-0.23172018480064752 -0.1099560361611957 0.14159340645053742 0.39512835705214844
0.23313552932542744 -0.13219852823444103 0.09455852643632616 0.25060684484814916
0.4047429372574221 0.14734915623157396 -0.1750125875152407 0.2409333865574393
0.21285172688693654 -0.2350003283927202 0.3601539512972405 0.192269112906542
0.5452435614742218 0.23505825180253473 -0.3082251076150478 -0.7109308285770006
0.4312926762245311 0.24191170514642005 -0.29576471619678296 -0.7422839872740987
0.014121234412190561 0.2455810190817007 -0.15844182919159924 -0.6736833667264348
-0.1646263691767234 0.03138082340924724 -0.2695887361270255 -0.5110005996907324
-0.336792262755834 -0.21413782374564935 0.23737088116966026 0.47017643843383594
-0.020725297982139998 -0.03456746833112031 -0.11186539245870852 0.2781627120906096
0.26998815207081756 0.17680535099785327 -0.276004787220477 -0.026126154127800078
-0.295865542939465 -0.04983739235632634 -0.008098291058898819 0.1861141001905173
0.36429916511815996 -0.17482125566476783 0.1599634603788916 0.5126811652893597
-0.3922445627067268 -0.042623399139623694 0.056105316776328476 0.3194976464741375
0.22523500065890903 0.23361725440593994 -0.24632718396789546 -0.4086890991845835
-0.26004073191714855 -0.06456607078680332 0.0014099626606158752 0.2758176862513993
0.6709461735335145 0.10075787548723814 -0.20478177168183465 0.25617650792024105
0.26279347000930153 0.041781570747572515 0.03417976853926058 0.33093032755219
-0.3898298243211922 0.2769023758008305 0.03833323234534888 -0.628251891651247
-0.5493511570517418 -0.44799485084020024 0.8769989201946681 -0.4825492517768798
0.4684177309929046 0.21900681910861097 -0.34081175166566785 -0.9170047349809212
0.28515766244148383 -0.2020549443657346 0.28353304894445996 0.13891660120896368
0.11054111898289991 -0.025849434081721856 0.22943566432612195 0.1764406418998074
0.17172687469021594 0.14043469291726832 -0.07475350380089824 0.3596582543063207
0.05634200633773073 0.09943308755811066 0.03487470606323645 0.22627470802270053
-0.22640776035247132 0.011360837401314458 -0.09926385869061288 -0.06774900254997811
-0.9257531466246172 0.2114328670664283 -0.06132134730404861 -0.7915467593990404
0.44663555242800496 -0.040879966603945196 -0.01991761607907743 0.5208878489107259
0.19170109528440754 0.2132370190488585 -0.2649719806382866 -0.15423656612874131
0.4667212224861444 -0.04923629888585161 -0.023517284711020617 0.49069541452692605
0.14193271799485016 -0.19261583037070143 0.35129215108840095 -0.08094317345504762
-0.21981985870578194 -0.11151905349863117 -0.08366224192172533 0.24298505746278085
0.19404153402731036 -0.0016836753218923703 0.06741825321314483 0.3775406632580713
-0.24344714506270546 -0.2039172010818984 0.28445424519717216 0.3098219211437532
-0.08053403364601269 0.17752584969615062 0.026244551695722262 -0.6106596637778211
0.5115239069931408 -0.16123636891783796 0.07923219112073449 0.33298199845753157
-0.22622201124589172 -0.010341280648207815 0.3307995747999965 0.44789597251372887
-0.491570801631718 -0.04701204967852708 -0.03990380378411966 0.20311689774859656
-0.22668019237545473 -0.336779485237287 0.43460923438925897 0.19109705339487176
-0.11448897032876124 0.026810886101094836 -0.2715765806723518 -0.4327197197333355
0.38923907849491257 0.01388839331872869 0.026567778451059874 0.4361708433176774
-0.1297959350382964 -0.058494358530570716 -0.09243246121655248 0.38399039113176936
0.08941525392791484 0.1300949555493634 0.008240821423417371 0.42796189265663676
-0.3970121231089362 0.039376034770998956 -0.12566663620036558 -0.4429894094584154
0.42482860731556144 0.051822068736749084 -0.037364857620942736 0.34998479601561083
0.05098500210397544 0.045328864742012503 -0.27088164314837593 -0.046348148023542333
0.22610182982294708 -0.05681106439430656 0.17981497026920984 0.20722023955927968
-0.18785862910032097 -0.06492690118328935 -0.006255898553474439 0.3637615961170038
0.49204501734982803 -0.05789317790299539 0.0346915442352118 0.5267594816674492
0.038570770147573034 0.04977678210932422 -0.31256173324916076 -0.6687185498394758
-0.24218405113796426 -0.24870723508049075 0.23441874347091013 0.24591633976179367
0.22231254804872352 0.22399801573633246 -0.24295485148720636 -0.3456653962359697
-0.4003184572060528 0.0013232446488245686 -0.09810993917405761 -0.20875887029831544
0.3050204335717277 -0.03528912912409237 0.04807313190618887 0.6932508753561615
-0.29466436538358365 0.2701680371610992 0.027488974703772057 -0.509821739060039
-0.012146165912917463 0.14277921892342155 -0.03773387483328651 0.14389955441331811
-0.2838413841068797 0.17325805700341326 -0.16494946119906312 -0.1466193128227218
0.5291948386657456 0.18516081170875365 -0.2132287642213242 -0.06774900254997811
-0.012939933761700903 -0.1852830129735134 0.170996266961082 0.045988377915200086
0.31401069033017975 0.10748930889028273 -0.0604443253745659 0.008174156146031819
0.44569442362133505 -0.04911602208702293 -0.02730227001602404 0.5381853616264786
0.3357681023475354 0.11338112889087591 -0.10300251482735125 -0.06863314802299823
0.7914230440610347 0.09576667885951667 -0.21225908395531135 0.39395629754047823
-0.27698105043720694 0.28934550452989394 0.03491780296394813 -0.9252114186022875
0.16294713358588744 -0.06095921944028634 0.2039061377670397 0.5631001276482507
-0.40374862404088924 -0.318502641241364 0.4132870427621546 0.04745515258454372
-0.2958160098443771 -0.25850659842467266 0.22306271013338205 0.2409333865574393
0.0987150925306662 0.057231619447352895 -0.33536538083822914 -0.6382268662186535
-0.41229308294355027 -0.4050728840311451 0.5665773314810162 -0.3544615101726827
-0.3415226733367275 0.2787646325169943 0.02292070322833383 -0.9483805640747635
-0.19371591759446397 -0.002224049345615413 -0.14842179977613332 -0.04283423652820599
0.3678160148694002 0.19766495040823745 -0.2364472194797425 0.14038337587830732
-0.5981660222608572 0.08825373678775433 -0.11024979739327935 -0.9703481785198018
0.3511852781936411 -0.18197685362406815 0.12340651435020789 0.20252973447292424
0.283275404828144 0.1489702783027431 -0.10697227809415599 0.36493592266834857
-0.2821572588738914 -0.019417240057405617 -0.06062910333636723 0.02694524465015132
0.05581200222029032 0.13562362096412123 -0.04521172581802212 0.16999091402610936
0.3145184045548306 0.19964922706524194 -0.2711617730030018 -0.04165537589751247
-0.780980292956487 0.21071236836813095 -0.0900782930151769 -1.0996374511514366
0.3828121594072589 -0.03492829872760634 0.01590129552491874 0.41623676346058525
0.4847512690981363 0.26686187781165394 -0.2953930054281447 -0.6942227461765945
-0.15065803636193845 0.27419469520884193 -0.09557099301088069 -1.327996357554813
-0.35233327133965947 -0.32126842656708626 0.4281016023817951 0.1222085188085578
-0.18115927798968384 -0.24143252241703647 0.22237315972199517 0.45141441808841404
0.01694833581433188 -0.056569406806708265 -0.008378420913524752 0.14272296082229902
-0.2938099194933176 -0.010219260707367128 -0.07281480588372102 0.015791409452051295
-0.24258031589866735 -0.23752497907344777 0.21304806783050512 0.405976141894203
-0.38070335155124846 -0.18414125495564698 0.24701919981648793 0.23858700049442433
-0.2499978968880789 -0.11849162154667046 0.0167309108636186 0.47457222836251794
-0.3627104547605724 0.26800363582952036 0.02896504355314715 -0.5151039415014156
-0.31877459941761405 -0.06071866584262898 -0.004127989080835179 0.22275852948768973
-0.627526764374204 -0.426292732790678 0.8252503166651167 -0.4591080615434746
-0.22701454076729796 -0.11151905349863117 0.060215683681705094 0.405976141894203
-0.13986353661491005 0.19448081099963282 0.023933480395058354 -0.7112255437346738
0.1660677185764245 -0.07821283907515954 0.22560004016278232 0.5657525640673111
-0.053869774163060484 -0.05182137848966218 -0.08587796132956464 0.2720066565363347
-0.9250473000196149 0.21413764242173025 -0.06635237175087852 -0.7589920696745046
0.39510875026282755 -0.013406305352658415 -0.0025603393174477634 0.707329191734251
-0.3032212075600166 0.05127878947633935 -0.1797209239179919 -0.6121332395661879
0.132991994331486 0.0010821100038298774 -0.24005119780175685 0.24239789418710847
-0.14474006982631282 -0.005411093990906706 -0.15576443423488606 0.007584725830685085
0.4720584134818645 -0.021041267365261435 -0.03939579906698072 0.48483284992890024
-0.18998855218910024 -0.26650180978642435 0.24868381760647662 0.353795689708295
0.494806487400978 -0.12414230690226896 0.01654774903559396 0.4763314511498606
-0.05663047645123649 0.1525785822676034 -0.033026077141794216 0.09846127821910709
-0.5987975692232278 -0.43170228350128176 0.7681092134340163 -0.11084542676052304
0.3295269323664613 0.19784798031949846 -0.2315557212489667 0.050971331119554514
-0.5751702828663043 -0.4182365114585059 0.7311805566366942 -0.044602527474246235
0.38998207492123094 -0.1661636503384524 0.10997644266593017 0.24181299795111055
-0.01971729949710144 0.2119732410901514 -0.2523284273919971 -0.8281821205375152
-0.03540443071143618 0.17500119901542308 -0.017423382950388873 -0.4872420239029096
-0.006343363823371156 0.14205872022512414 0.022365830631670938 0.13129481382359537
-0.3554290897826526 0.04881514876603213 -0.15160558331620877 -0.38610938402745426
-0.38840574783741527 -0.008415108724936962 -0.030256562559809796 0.24943410522457657
-0.1292176361531453 -0.1721164803094659 0.024213610249684273 0.40656103813020095
-0.23236411503679008 0.039797294090567994 -0.1814286386086923 -0.5095270239023655
-0.03082633439793795 0.13322099022423436 0.033166991372536085 0.0723721856459903
0.020650934672151657 0.0003006013351121433 -0.2524631052067211 0.19666716987489852
0.47751943721530443 0.2108924930427053 -0.3234598620166272 -0.7106361134193271
-0.3913282004476008 0.05807413808649097 -0.1018028048537898 -0.5543917390589508
-0.3049053327930049 0.05590973675491211 -0.10946489508906786 0.0037760991776752966
-0.5211420593991885 0.017252657401907647 -0.03039501135334607 0.19989090029191034
-0.41070802390073774 0.05735073415150689 -0.08546261494895582 0.005544390123715546
-0.6175334624402221 -0.4214845660742175 0.7565700182684636 -0.06951729349601836
0.08835029238352521 0.048696034061878134 0.0291482053811718 0.17175013681345194
-0.006678950542591609 -0.035227538106334694 -0.03450052985739262 0.1694060177901114
-0.3578438281681872 -0.0629429150499535 0.0003487014805907191 0.1661800203334252
0.5818113689228566 -0.05675092599489222 -0.05772113996084653 0.5229508550144395
0.43050014670312486 0.1203536969389152 -0.20745916663854783 0.11546407577718637
0.05720140553750563 0.17007101235812197 -0.22329189053750179 -0.1685869272677602
0.5512246827060846 -0.009379647304915733 -0.07530741264311898 0.6419704379209944
-0.03461190119002994 -0.052422471960136906 -0.16591914146507594 0.40509653050053174
0.09659755271565888 0.19977124700608265 -0.19204125040894382 0.10197972379379229
0.10677660375622028 0.06865501009939058 -0.336335061104242 -0.3875829598158211
-0.22567714719992493 -0.1975460170280025 0.27365308445630704 0.34763840995259593
-0.10951213259980548 -0.09558673550886142 0.3064282774475407 0.17878476092314793
0.20439395090067933 0.13664626427783366 -0.04922781825309193 -0.2316333006131181
-0.7026684696225329 0.13664626427783366 -0.08601641012310092 -1.2851946485019414
0.3870596223110454 -0.017854222719970142 -0.005744122857523232 0.6454843494163307
-0.1313339376407754 -0.23890787173630892 0.1824438812126224 0.5208878489107259
-0.3879228001603084 0.2985434838799324 -0.03884200389283561 -1.6677575935587248
0.41152897128446303 -0.21341732504735195 0.13079224570967227 -0.013816128695750688
-0.4893541956265349 0.027714414710653258 -0.06695249609328867 -0.0038411541283441793
0.26373459881597144 0.14103607691141173 -0.10868053149611526 0.35760658340097917
0.5868885111693652 0.059215896104357395 -0.1821181890200792 0.3625895366053336
0.5336528172236555 0.0054109126669876 -0.0679221763593015 0.6451896342586574
0.25868222311700667 0.009138331336001929 0.07143165209192015 0.45024235857674383
-0.25123622426527614 -0.2467810631572199 0.18161426587392254 0.05624899948158231
-0.012708366542165011 0.077010470810291 0.03552115957391167 0.22715431941637182
0.4007802896503909 0.03113968876425256 -0.02942533108733324 0.3397241744492286
-0.25402246086396996 -0.024106292069712033 -0.09441707349432542 0.13422609612260822
-0.05456406717363367 0.21413764242173025 -0.09750981483164746 -0.17504799033983032
-0.294057584968757 -0.30816290387345907 0.4178984111383045 0.48336607525955666
0.15431599176682262 0.06636858882697105 -0.3198558836946128 -0.27237200356227603
-0.24042562626234418 -0.26848608644342886 0.35018779300766417 0.5487497665092318
-0.003417196231054061 -0.01665145473168337 -0.15341026603351043 0.1433146581773202
-0.5403361337457456 -0.23253378244572634 0.46858036637524186 0.040116745158476734
0.007790904859958229 0.10472352356456047 0.0205180510136576 0.16324873803441234
0.3774749684115387 -0.17680553232177235 0.1133002911333186 0.2523656142275569
-0.2478927403468436 -0.26632168511185006 0.2777634513616836 0.24122583467543823
-0.3095366771837226 -0.025309060057998812 -0.10023300024536681 0.02136832705110133
0.16694693101423455 0.14512374492957475 -0.14394510921470743 -0.08710952136944439
-0.09891700356050584 0.028193778763955953 -0.2717112584870758 -0.4236288906389491
-0.3402843459595303 -0.07574803627017765 0.03155085759584803 0.1685241393567657
0.14969703064987688 0.03174107275839594 -0.06298273282648392 0.23682777770708172
0.47594676144626386 0.016651273407764254 -0.04913515991656181 0.35203646692095236
0.7006660305862484 0.030358180095534815 -0.1467625690987336 0.6000302039443989
0.4920078675285122 0.26103106778148105 -0.32188682514065076 -0.7334878733373857
-0.4241562592170998 -0.2483440804946554 0.39080662192842386 0.6827091408701523
-0.3360987994246036 -0.06474648598504633 -0.0033899546561476338 0.5821659313100437
0.10363125221813925 0.17758685966657098 -0.08587796132956464 -0.22605638301406814
-0.28169907774432845 0.2588056564794819 0.0738774012073081 -0.43038466886869264
-0.3144899866925116 -0.021523536655250815 -0.10401798555037024 0.08263280721237251
0.46071533470673776 0.1555244922679 -0.2087089767591866 -0.004135869286017571
-0.4730454240688472 -0.4332071961049836 0.6279688665448064 -0.34652687131224574
0.37866376269364804 0.19315602307050536 -0.23866132275380517 0.13598531890995083
0.42922466950461174 -0.00547210396132705 0.010961313280842258 0.48952335501525573
-0.30553687975537547 -0.0967895034971482 -0.01289820837566234 0.3529160783146237
0.5402531021441169 0.14710802158657926 -0.1828562234447667 0.1908046052768728
-0.23827093662602095 -0.12029577352910063 0.011192959122167542 0.4728130055751754
-0.25820800739889666 -0.3027504479261686 0.4155927269502296 0.5507901022162013
-0.08294753370417013 0.21498016106086834 0.03949146155197532 -0.722651423693703
0.3654384263051814 0.0390767953922706 -0.026286799293005043 0.3271194338595058
-0.0047236316139971585 0.144223121556703 -0.018252998289088745 0.11693085044653001
0.08456101060930164 0.1954424443429249 -0.12714378247225844 -0.14045296490832504
-0.8615334888431679 0.22309448712677404 -0.08897070266688668 -1.308658509132091
0.27814872948654745 0.035227356782415585 -0.05693623765663504 0.4027501444375168
-0.2075604176715292 -0.10574634820219199 -0.10360263916976141 0.22246381433001636
0.20547129571884093 0.1854629563241687 -0.07406111438117695 -0.4717128021331974
0.4654828951089472 -0.15077461160909236 0.0639058558051428 0.3194976464741375
0.11159369725351756 0.12191961951303736 -0.05024328897611092 0.38311077973809804
-0.6812454059970205 -0.20656387170346668 0.48640093481952207 0.07354424515766056
-0.3890868278948738 -0.2541777957615149 0.3305679289586712 0.40392447098886153
0.025907634388353973 0.1504751909064449 -0.05647456210776115 0.1764406418998074
0.24289354905774177 0.22038971177147212 -0.2465103457959201 -0.4119082955222465
-0.0968168003287793 -0.06709101199119955 -0.10106423171784337 0.41213115461022776
-0.13209427065037452 -0.20482072969145684 0.17048987837771978 0.6056071215434489
0.06141667192948506 -0.1661636503384524 0.1748265040118327 0.20311689774859656
0.6098594840163742 0.05326306613334387 -0.16873121423651316 0.5147441713930733
-0.17893028871072883 0.03126170870509325 -0.13812702761863047 -0.09676711038243341
-0.2838413841068797 0.17325805700341326 -0.16494946119906312 -0.1466193128227218
-0.16186613745295073 -0.05681106439430656 -0.0861548589166372 0.39659513172149213
-0.31788300370603206 -0.010280270677787471 -0.07983098131958274 -0.12551317345395943
0.4374471632892014 0.23956717914026682 -0.2968690742775198 -0.7739545315256143
0.4564183387078633 0.26157144180520414 -0.2850066523566295 -0.6775146637761887
-0.23698307615373582 -0.3616076379616802 0.4589805317417148 0.15621184688504192
0.20523601351717347 -0.028435675780207094 0.1698865217677562 0.5499059567431811
-0.34034626232839016 0.05068031071888264 -0.11283453401346244 -0.012637268065057222
0.32078434108344867 -0.1528198982365172 0.06404592073245577 0.1459534923583341
-0.26821369260665046 -0.3255362192598236 0.34053947436083654 -0.1190521103818893
-0.05320854449345847 -0.03757351673083124 -0.10983445101267053 0.4420334079157031
0.39920761388135045 0.155643606972054 -0.1975361052496832 0.01080392216834809
0.03576100532871248 -0.05741224502188188 0.2301736987508095 -0.03610112869520659
-0.13545013784257903 -0.14957184362080556 0.12973098452964713 0.5384800767841519
-0.2636318813110206 -0.024887800738429767 0.4003579725486502 0.4854200132045726
-0.5749350006646369 0.08151939814802306 -0.10175647568552475 -0.9123119628548914
0.1765192016399693 0.03733365338026078 -0.08389281034053282 0.2107386851339649
-0.30219339583694294 -0.25105176108664395 0.4104210988648278 0.29282025710551113
0.41476100573894786 0.23620291505708785 -0.28468342560129184 -0.5769487838193359
-0.3816073305366024 0.23866655576739507 -0.14699421494005888 -0.9700761337588726
-0.5516915957946444 -0.4277366354239594 0.7661698529019906 0.053317717182569446
-0.3337831272292447 -0.19363847368441384 0.2667306447794932 0.2954579577666879
-0.5391844892849523 0.06246104548338237 -0.08804735156913891 -0.20934830061366222
-0.8492988143564592 0.22105210573603587 -0.07406111438117695 -1.283154312794972
-0.7378865002300228 0.12793055421778454 -0.026932714092421366 -1.2315564898053877
-0.3698060706319126 -0.2697469591654493 0.29779273596743755 0.11869007323387261
-0.2702940826003418 -0.23980849510918062 0.2532520890819149 0.30249484891605827
-0.6533830400100825 -0.20091318634786814 0.48524809272548464 0.14976438605101827
0.3783789473968927 0.13851142623068416 -0.1401633561772574 0.18230320649783313
0.5954577366195702 0.26451735180550073 -0.3097927573784352 -0.6596277207450894
-0.5156067360231167 -0.43272492681499425 0.6240470485800433 -0.33832018769087946
-0.14146717056838048 -0.21738587836136097 0.14279473255787556 0.47486694352019143
-0.7820700210484206 0.16664573830452267 -0.0453501746115584 -0.3908021561534841
0.2771580675847896 0.03318497539167741 -0.05527431342294082 0.40304485959519015
0.05434086929617998 0.21413764242173025 -0.11754287041621363 -0.22809671872103762
-0.8383643836158075 0.21389650777673555 -0.07452273605892495 -1.2678971357861888
0.24639801553521 0.22111311570645623 -0.24115555588249368 -0.35885956714103917
0.0780102587839282 0.05151992412133404 -0.2993633074062083 -0.16917635758310695
0.1738072646839073 0.1222188588917657 -0.030025455429743404 0.39542307220982187
0.3431856833369469 0.19658420236079135 -0.23169578617627962 0.09289342877875474
0.27916415793584914 0.11903181424647441 -0.10041777820716814 0.11311995675384584
-0.1283248021141861 -0.005771343340055401 -0.19112005415623165 0.09552999592009423
0.43878455685657447 0.2681227505336744 -0.28685443197464283 -0.7147394552300104
-0.5517411288897324 -0.2970997625705701 0.6010602391629503 -0.07214705951833462
-0.05570470290404382 0.2273651850561981 -0.06699882526155373 -0.09561092014848399
0.2221763320372318 0.0631234394479461 -0.3340724738168787 -0.20846415514064215
-0.10103206672075873 0.1879265970344759 0.04119917624267569 -0.577832929292356
-0.30189619726641553 -0.3279998599701308 0.4275036328844205 0.24679595115546502
-0.15664163424855554 -0.05470694672397637 -0.07239940563198631 0.2177733092436609
-0.31077500456091983 0.2585645218344872 0.0671381233585189 -0.8264138295914748
0.06470566944332094 0.015991784679887208 0.16485495860966742 0.31920293131646416
-0.3613111448243395 0.2974598305957996 0.0766463770780336 -0.5781276444500293
-0.02295676391584944 0.16622447898495363 -0.02204013843912774 0.07207973752799132
-0.06256503657371658 0.05284180681377482 -0.31994746460862517 -0.6939280310189213
-0.39562519644647526 -0.36118637864211117 0.41083590653417773 -0.17298498423611672
-0.3402843459595303 0.004690413968690209 -0.10051043654369826 -0.10996128128750292
0.004368167989385036 -0.07424515733215652 0.32253574408853164 0.3529160783146237
0.49959881435073134 0.010701348673437411 -0.02370152396156306 0.45844904219811006
0.45832536286874703 0.12191961951303736 -0.20616625961719737 0.2256898117867026
0.2399958629951002 0.1617765616176419 -0.07443040094915018 -0.12462902798093929
-0.15531910060970888 -0.03691228486094218 -0.10161802689198848 0.15064399744468956
-0.42299223148253445 0.06613035941866303 -0.1070649364306861 -0.6285466068089204
-0.049968522827390734 -0.08638875615882292 0.00025712056657840627 0.44555185349038834
-0.4237599944563968 -0.04677149608086973 -0.05102765256906352 0.2857847261799454
0.4903732753906118 -0.04544874181742294 0.0346915442352118 0.5422887034371616
-0.26407767916681163 -0.2625942664428357 0.2366328467449727 0.308064965396085
0.5220992227944052 0.1659252396062253 -0.17994718264672827 0.185234488796846
-0.08081513396063647 -0.11987451420953159 -0.08043105179086701 0.3980619063908357
-0.01294488707120969 -0.1852830129735134 0.170996266961082 0.045988377915200086
-0.21469318336418536 0.24245498440682972 -0.2343731811329928 -1.059193463359952
0.6386382122624383 0.24816377449616192 -0.31145737516842387 -0.7132658794416434
0.3309138590289222 0.2213513451147642 -0.3044379674650088 -0.6373427207456335
-0.4757697442986812 0.08530782678745774 -0.11671217765499599 -0.8331696078212183
-0.006678950542591609 -0.035227538106334694 -0.03450052985739262 0.1694060177901114
0.18485314488850677 0.16947253360066528 -0.08435448588940671 -0.42743751729195895
0.09048021547230449 0.05482608347077934 -0.3414582051763431 -0.6572699994837025
0.27714568431101766 0.10851195220399515 -0.03597983097432107 -0.06745428739230477
0.33687021371324094 -0.20608160241347728 0.28020920047707154 0.4004060254141763
0.26193902411903547 0.12282024288590908 -0.1378091879758818 -0.010302217200414342
0.26598835464247045 0.22754530973077244 -0.24632718396789546 -0.40898381434225684
-0.36757708135295764 -0.07833311587398822 0.1057260108332406 0.2705409247052413
-0.19818627942614603 -0.09721076281671724 0.08223281283278532 0.42004765715326947
0.01061676793472235 -0.15065549690493835 0.09114309705492543 0.046867989308871386
-0.1351517009446745 -0.13724782959589613 0.12465093735825769 0.49626553100695275
-0.15011193398859446 0.04298433873585929 -0.2630811041195616 -0.536210080870178
0.4171881273982545 -0.03216280392555276 0.03805848960331191 0.5024114755642798
-0.006062263508747382 0.13586475560911593 -0.09326315397777016 0.14214259866564993
-0.46983815616190633 -0.06534786997918972 0.03958304246598764 0.40656103813020095
0.1757885884874229 0.12270112818175509 -0.02047248867574033 -0.1923455030555829
-0.030082099644242404 0.20939048567569016 -0.2759616903197653 -1.0498079191078922
0.6407929018987615 0.24341661775012186 -0.3338893119888541 -0.7167797909369797
-0.9155740955840559 0.20542193236168113 -0.06353706671188793 -0.7663372782195949
0.5978972415526488 0.059878290068921126 -0.15917986361628678 0.49919227922661674
