0.042608010561505615 0.20297378759754164 0.038443569622348635 -0.036073889147313125 0.00632359572282056 0.5891633156384932
0.39742989161680453 0.02124294905296545 0.06478524096238891 0.10253938418723138 0.033008339606858984 1.039254865450894
-0.058769669740008364 -0.014507379841049542 -0.011605605923727884 -0.06577673343328694 -0.0014865732188492232 -0.04096485409886776
-0.10945850989076535 -0.026424156139054536 -0.030044775861756075 -0.036073889147313125 -0.016456063690382973 -0.2660106290050681
-0.16014735004152233 0.01528456090396295 -0.014239773057731912 -0.036073889147313125 -0.01580521627857716 -0.3110197839863082
-0.3122138704937933 0.0361389194254717 0.03317523535434058 0.07283653990125756 -0.00018487839523759263 -0.1309831640613479
-0.3122138704937933 0.030180531276469195 0.043711903890356694 0.08273748799658216 0.03821511890130551 -0.2660106290050681
0.19467453101377657 0.14041071203301542 0.12273691791047751 0.3104592941890481 0.00892698537004382 0.04905345586361238
0.34674105146604756 0.06593086017048419 -0.022142274459743993 0.033232747519959124 0.006974443134626375 0.7691999355634536
-0.008080829589251375 -0.01748657391555079 -0.04848394579978427 -0.07567768152861155 -0.01580521627857716 -0.2660106290050681
-0.16014735004152233 -0.032382544288057036 -0.040581444397772184 -0.055875785337962336 -0.017106911102188788 0.1390717658260925
0.0932968507122626 -0.026424156139054536 -0.0326789429957601 -0.11528147390990998 0.027801560312412463 -0.04096485409886776
0.0932968507122626 0.0182637549784642 0.0015652297462922528 0.033232747519959124 0.001767663840179853 0.22909007578857266
0.24536337116453355 -0.10090400800158576 0.020004399684320443 -0.055875785337962336 -0.015154368866771344 0.22909007578857266
-0.058769669740008364 0.09274360684099543 -0.0326789429957601 0.003529903233985305 -0.016456063690382973 -0.2660106290050681
-0.10945850989076535 -0.06217448503306953 -0.02741060872775205 -0.026172941051988516 -0.012550979219548081 -0.2660106290050681
-0.058769669740008364 0.02124294905296545 -0.011605605923727884 -0.04597483724263773 -0.012550979219548081 -0.22100147402382805
0.2960522113152905 -0.008548991692047042 -0.011605605923727884 0.013430851329309912 -0.0014865732188492232 -0.2660106290050681
0.0932968507122626 -0.029403350213555786 -0.0010689373877117746 0.02333179942463452 0.16838460126246857 -0.1309831640613479
-0.2108361901922793 0.0242221431274667 0.043711903890356694 0.14214317656852982 0.044723593019363655 0.1390717658260925
0.1439856908630196 0.02124294905296545 0.0041993968802962805 -0.06577673343328694 -0.006042505101489929 -0.2660106290050681
0.2960522113152905 -0.005569797617545794 -0.0326789429957601 -0.055875785337962336 -0.012550979219548081 -0.2660106290050681
-0.2615250303430363 -0.014507379841049542 -0.014239773057731912 -0.10538052581458537 -0.013201826631353898 -0.2660106290050681
0.1439856908630196 -0.032382544288057036 -0.03531311012976413 -0.04597483724263773 -0.01580521627857716 0.40912669571353294
0.0932968507122626 0.01528456090396295 -0.011605605923727884 0.013430851329309912 -0.009296742160519006 -0.04096485409886776
0.4481187317675615 -0.002590603543044544 0.038443569622348635 0.07283653990125756 -0.005391657689684115 -0.04096485409886776
0.0932968507122626 0.030180531276469195 -0.05375228006779232 0.013430851329309912 -0.011900131807742267 0.22909007578857266
0.24536337116453355 -0.02344496206455329 -0.01687394019173594 -0.01627199295666391 -0.01580521627857716 -0.22100147402382805
-0.16014735004152233 -0.08600803762907952 0.0015652297462922528 -0.055875785337962336 -0.014503521454965527 -0.2660106290050681
-0.2615250303430363 -0.032382544288057036 -0.014239773057731912 -0.04597483724263773 -0.00864589474871319 -0.04096485409886776
0.042608010561505615 0.08678521869199293 0.030541068220336556 0.08273748799658216 -0.014503521454965527 -0.1309831640613479
-0.36290271064455026 0.0242221431274667 0.0015652297462922528 -0.055875785337962336 0.04993037231381018 -0.22100147402382805
0.2960522113152905 -0.008548991692047042 -0.003703104521715802 -0.04597483724263773 -0.017757758513994602 -0.2660106290050681
-0.008080829589251375 -0.044299320586062035 -0.02741060872775205 -0.04597483724263773 -0.014503521454965527 -0.04096485409886776
0.39742989161680453 -0.08004964948007702 0.012101898282308362 -0.01627199295666391 0.01999139137074268 0.22909007578857266
-0.10945850989076535 0.06295166609598293 0.06741940809639294 0.10253938418723138 0.05708969384367415 0.4991450056760131
-1.275301833358176 -0.02046576799005204 -0.030044775861756075 -0.04597483724263773 -0.01580521627857716 -0.2660106290050681
-0.36290271064455026 -0.04727851466056328 -0.008971438789723857 -0.09547957771926077 -0.017106911102188788 -0.2660106290050681
0.042608010561505615 -0.005569797617545794 -0.043215611531776214 -0.04597483724263773 -0.012550979219548081 0.04905345586361238
-0.008080829589251375 -0.02046576799005204 0.038443569622348635 -0.006371044861339302 0.030404949959635722 -0.22100147402382805
-0.10945850989076535 -0.008548991692047042 -0.024776441593748023 -0.13508337010055918 -0.017757758513994602 -0.2660106290050681
0.19467453101377657 -0.08004964948007702 0.3255677872287876 0.5678839446674879 0.05383545678464507 0.04905345586361238
0.34674105146604756 -0.07707045540557578 0.2175669347346225 0.20154886514047746 0.07271003172701371 0.1390717658260925
0.19467453101377657 0.09274360684099543 0.027906901086332526 -0.04597483724263773 0.009577832781849635 -0.2660106290050681
-0.058769669740008364 0.1344523238840129 -0.03531311012976413 0.02333179942463452 -0.020361148161217864 -0.2660106290050681
-0.16014735004152233 0.04805569572347669 -0.006337271655719829 -0.01627199295666391 -0.011249284395936452 0.04905345586361238
0.39742989161680453 -0.044299320586062035 -0.045849778665780244 -0.07567768152861155 -0.013852674043159712 -0.3110197839863082
0.34674105146604756 0.06891005424498543 -0.024776441593748023 -0.04597483724263773 0.019340543958936866 0.22909007578857266
0.1439856908630196 -0.05919529095856828 -0.0326789429957601 0.003529903233985305 -0.013852674043159712 0.22909007578857266
0.34674105146604756 0.030180531276469195 -0.03531311012976413 -0.04597483724263773 0.009577832781849635 0.40912669571353294
-0.10945850989076535 -0.038340932437059536 -0.05638644720179635 -0.09547957771926077 -0.014503521454965527 -0.1309831640613479
-0.10945850989076535 -0.041320126511560785 -0.019508107325739966 -0.06577673343328694 -0.017106911102188788 -0.3110197839863082
-0.008080829589251375 -0.05919529095856828 -0.011605605923727884 -0.026172941051988516 0.009577832781849635 0.40912669571353294
0.19467453101377657 -0.035361738362558286 -0.024776441593748023 -0.06577673343328694 -0.007995047336907375 -0.1309831640613479
0.4988075719183185 0.03911811349997294 -0.014239773057731912 -0.006371044861339302 -0.006693352513295745 0.40912669571353294
-0.008080829589251375 0.00038859053145670494 -0.014239773057731912 -0.01627199295666391 0.047977830078392736 0.1390717658260925
-0.16014735004152233 -0.041320126511560785 0.05688273956037683 0.18174696894982822 0.010879527605461266 0.5891633156384932
-0.16014735004152233 0.01528456090396295 0.017370232550316417 -0.055875785337962336 0.020642238782548495 -0.1309831640613479
0.0932968507122626 -0.014507379841049542 -0.014239773057731912 -0.04597483724263773 -0.004740810277878299 -0.2660106290050681
0.0932968507122626 -0.08600803762907952 0.017370232550316417 -0.026172941051988516 -0.0008357258070434078 0.5891633156384932
-0.3122138704937933 0.08678521869199293 0.006833564014300308 -0.055875785337962336 -0.007995047336907375 0.40912669571353294
-0.46428039094606427 -0.026424156139054536 0.0041993968802962805 0.12234128037788058 0.009577832781849635 -0.04096485409886776
0.0932968507122626 -0.04727851466056328 -0.022142274459743993 -0.04597483724263773 -0.020361148161217864 -0.2660106290050681
0.042608010561505615 -0.02344496206455329 0.07532190949840502 0.22135076133112666 0.014133764664490343 0.40912669571353294
-0.2615250303430363 0.06593086017048419 0.038443569622348635 0.02333179942463452 -0.004740810277878299 -0.3110197839863082
0.042608010561505615 0.006346978680459203 0.32820195436279165 0.4292706713329434 0.028452407724218278 -0.2660106290050681
0.042608010561505615 -0.05323690280956578 0.12010275077647349 0.07283653990125756 -0.009296742160519006 0.40912669571353294
-0.008080829589251375 -0.029403350213555786 -0.019508107325739966 0.02333179942463452 -0.021662842984829494 -0.2660106290050681
-0.008080829589251375 0.009326172754960452 -0.01687394019173594 -0.01627199295666391 -0.017757758513994602 -0.2660106290050681
0.19467453101377657 0.13743151795851416 -0.0511181129337883 0.08273748799658216 -0.017757758513994602 -0.2660106290050681
0.042608010561505615 -0.029403350213555786 0.0041993968802962805 -0.10538052581458537 -0.01971030074941205 -0.22100147402382805
-0.008080829589251375 -0.02046576799005204 -0.03794727726376816 -0.036073889147313125 -0.01580521627857716 -0.22100147402382805
-0.2615250303430363 0.1463691001820179 -0.0010689373877117746 0.013430851329309912 -0.013852674043159712 -0.2660106290050681
0.19467453101377657 0.06295166609598293 -0.0010689373877117746 0.013430851329309912 -0.00864589474871319 -0.1309831640613479
-0.3122138704937933 0.08082683054299043 0.027906901086332526 -0.04597483724263773 -0.004089962866072484 -0.3110197839863082
-0.3122138704937933 0.009326172754960452 0.041077736756352665 0.07283653990125756 0.0004659690165682226 0.04905345586361238
0.042608010561505615 -0.038340932437059536 0.006833564014300308 -0.01627199295666391 -0.017106911102188788 0.40912669571353294
-0.2108361901922793 0.04209730757447419 -0.0326789429957601 -0.10538052581458537 -0.014503521454965527 -0.2660106290050681
-0.36290271064455026 -0.07409126133107452 -0.030044775861756075 -0.036073889147313125 -0.016456063690382973 0.04905345586361238
-0.2108361901922793 -0.07707045540557578 -0.01687394019173594 -0.09547957771926077 -0.013201826631353898 -0.1309831640613479
-0.008080829589251375 0.04209730757447419 -0.0326789429957601 -0.01627199295666391 -0.016456063690382973 0.04905345586361238
0.1439856908630196 -0.139633530970102 0.012101898282308362 -0.04597483724263773 -0.011900131807742267 -0.2660106290050681
-0.058769669740008364 -0.008548991692047042 -0.06692311573781246 -0.07567768152861155 -0.01580521627857716 -0.22100147402382805
0.1439856908630196 -0.06217448503306953 -0.008971438789723857 -0.036073889147313125 -0.006042505101489929 0.04905345586361238
-0.3122138704937933 0.0361389194254717 -0.024776441593748023 -0.036073889147313125 -0.012550979219548081 -0.2660106290050681
-0.4135915507953073 -0.02344496206455329 -0.03531311012976413 -0.07567768152861155 -0.015154368866771344 -0.2660106290050681
0.2960522113152905 0.006346978680459203 -0.006337271655719829 -0.055875785337962336 -0.005391657689684115 -0.1309831640613479
0.0932968507122626 0.0361389194254717 -0.008971438789723857 -0.006371044861339302 -0.0008357258070434078 0.22909007578857266
0.6508740923705895 0.01528456090396295 -0.030044775861756075 0.05303464371060834 -0.016456063690382973 -0.22100147402382805
0.0932968507122626 0.07486844239398793 0.14381025498250974 0.23125170942645126 0.10525240231730448 0.40912669571353294
0.0932968507122626 0.009326172754960452 0.006833564014300308 0.09263843609190676 0.04993037231381018 0.1390717658260925
0.1439856908630196 0.08678521869199293 0.01473606541631239 0.09263843609190676 0.00632359572282056 0.22909007578857266
0.042608010561505615 -0.044299320586062035 -0.006337271655719829 0.033232747519959124 0.028452407724218278 0.04905345586361238
0.042608010561505615 -0.014507379841049542 -0.03531311012976413 -0.19448905867250685 -0.020361148161217864 0.04905345586361238
0.0932968507122626 0.06891005424498543 0.072687742364401 0.10253938418723138 0.05318460937283925 0.3191083857510528
-0.16014735004152233 -0.002590603543044544 -0.022142274459743993 0.013430851329309912 -0.017757758513994602 -0.2660106290050681
-0.16014735004152233 0.06593086017048419 -0.024776441593748023 -0.026172941051988516 -0.0008357258070434078 -0.22100147402382805
0.39742989161680453 0.09274360684099543 0.0015652297462922528 0.013430851329309912 -0.004089962866072484 0.22909007578857266
-0.2108361901922793 -0.035361738362558286 -0.03794727726376816 -0.01627199295666391 -0.009947589572324821 -0.2660106290050681
-0.10945850989076535 -0.07111206725657328 -0.040581444397772184 0.08273748799658216 0.010879527605461266 0.04905345586361238
-0.008080829589251375 -0.008548991692047042 0.012101898282308362 -0.055875785337962336 -0.0021374206306550383 -0.1309831640613479
0.2960522113152905 0.00038859053145670494 -0.024776441593748023 0.013430851329309912 -0.011249284395936452 0.04905345586361238
0.0932968507122626 -0.008548991692047042 -0.019508107325739966 -0.09547957771926077 -0.017106911102188788 -0.2660106290050681
0.19467453101377657 -0.035361738362558286 -0.024776441593748023 -0.06577673343328694 -0.007995047336907375 -0.1309831640613479
-0.008080829589251375 -0.02046576799005204 -0.003703104521715802 -0.01627199295666391 0.012181222429072897 -0.1309831640613479
-0.10945850989076535 0.11061877128800292 -0.003703104521715802 -0.04597483724263773 0.00762529054643219 0.04905345586361238
-0.46428039094606427 -0.08600803762907952 0.006833564014300308 0.02333179942463452 -0.0027882680424608534 -0.22100147402382805
0.0932968507122626 0.04507650164897544 -0.014239773057731912 -0.04597483724263773 -0.017106911102188788 -0.2660106290050681
-0.008080829589251375 -0.038340932437059536 -0.02741060872775205 0.013430851329309912 -0.003439115454266669 0.22909007578857266
-0.16014735004152233 -0.011528185766548292 -0.008971438789723857 -0.026172941051988516 -0.019059453337606235 -0.1309831640613479
-0.058769669740008364 0.0361389194254717 -0.019508107325739966 -0.10538052581458537 -0.0021374206306550383 -0.2660106290050681
0.0932968507122626 -0.029403350213555786 -0.019508107325739966 -0.09547957771926077 -0.012550979219548081 -0.22100147402382805
-0.058769669740008364 0.02720133720196795 -0.03531311012976413 -0.07567768152861155 -0.014503521454965527 -0.2660106290050681
0.0932968507122626 -0.038340932437059536 0.08849274516842516 0.11244033228255598 0.0336591870186648 -0.2660106290050681
-0.10945850989076535 0.11061877128800292 0.009467731148304336 -0.036073889147313125 -0.0073441999251015605 -0.2660106290050681
0.2960522113152905 -0.07707045540557578 0.030541068220336556 -0.01627199295666391 0.02259478101796594 0.40912669571353294
-0.2108361901922793 -0.04727851466056328 0.006833564014300308 -0.08557862962393616 0.010228680193655451 -0.3110197839863082
0.4481187317675615 -0.032382544288057036 -0.03531311012976413 -0.055875785337962336 -0.017757758513994602 0.1390717658260925
-0.36290271064455026 -0.005569797617545794 -0.03531311012976413 -0.04597483724263773 0.02129308619435431 -0.2660106290050681
-0.16014735004152233 -0.032382544288057036 0.017370232550316417 0.02333179942463452 -0.0027882680424608534 -0.1309831640613479
0.0932968507122626 0.09274360684099543 0.009467731148304336 0.05303464371060834 0.016737154311713603 -0.1309831640613479
-0.058769669740008364 0.09274360684099543 -0.008971438789723857 0.09263843609190676 -0.01580521627857716 -0.2660106290050681
0.24536337116453355 0.009326172754960452 -0.02741060872775205 0.003529903233985305 0.12152358761244986 0.40912669571353294
0.24536337116453355 -0.02344496206455329 0.08849274516842516 0.17184602085450362 0.024547323253383387 0.22909007578857266
-0.2615250303430363 -0.02344496206455329 -0.040581444397772184 -0.11528147390990998 -0.010598436984130636 -0.2660106290050681
0.39742989161680453 -0.035361738362558286 0.006833564014300308 -0.036073889147313125 -0.006693352513295745 -0.1309831640613479
-0.16014735004152233 -0.04727851466056328 0.027906901086332526 0.04313369561528373 -0.009947589572324821 0.22909007578857266
-0.008080829589251375 -0.05323690280956578 -0.05375228006779232 -0.07567768152861155 -0.017106911102188788 0.1390717658260925
0.0932968507122626 -0.041320126511560785 -0.043215611531776214 -0.08557862962393616 -0.01840860592580042 -0.2660106290050681
0.1439856908630196 0.02124294905296545 0.022638566818324473 0.12234128037788058 0.04537444043116947 1.1292731754133742
0.39742989161680453 -0.05919529095856828 -0.008971438789723857 0.003529903233985305 0.009577832781849635 0.04905345586361238
0.042608010561505615 -0.044299320586062035 -0.05638644720179635 0.003529903233985305 -0.014503521454965527 -0.1309831640613479
-0.008080829589251375 -0.02046576799005204 -0.01687394019173594 -0.006371044861339302 -0.009296742160519006 -0.2660106290050681
-0.2108361901922793 -0.07707045540557578 -0.024776441593748023 -0.13508337010055918 -0.015154368866771344 0.1390717658260925
0.5494964120690755 -0.014507379841049542 -0.0326789429957601 -0.036073889147313125 -0.010598436984130636 -0.2660106290050681
-0.4135915507953073 0.006346978680459203 0.0015652297462922528 -0.04597483724263773 0.029754102547829907 -0.04096485409886776
0.042608010561505615 0.09572280091549668 -0.03531311012976413 -0.11528147390990998 -0.012550979219548081 -0.2660106290050681
-0.058769669740008364 0.05699327794698044 -0.019508107325739966 -0.06577673343328694 0.04277105078394621 -0.04096485409886776
-0.4135915507953073 -0.044299320586062035 -0.0326789429957601 -0.01627199295666391 0.0037202060755972986 0.40912669571353294
-0.16014735004152233 -0.05323690280956578 -0.024776441593748023 -0.055875785337962336 -0.005391657689684115 -0.2660106290050681
-0.2615250303430363 -0.035361738362558286 0.13854192071450167 0.24115265752177587 0.008276137958238006 -0.04096485409886776
0.042608010561505615 0.003367784605957954 -0.04848394579978427 -0.026172941051988516 -0.017757758513994602 -0.04096485409886776
0.19467453101377657 0.01528456090396295 -0.02741060872775205 0.003529903233985305 -0.00018487839523759263 -0.2660106290050681
0.042608010561505615 0.030180531276469195 -0.024776441593748023 -0.055875785337962336 -0.01580521627857716 -0.22100147402382805
-0.058769669740008364 0.012305366829461702 -0.030044775861756075 -0.01627199295666391 -0.014503521454965527 -0.2660106290050681
0.2960522113152905 -0.044299320586062035 0.04634607102436072 0.14214317656852982 0.0024185112519856684 0.04905345586361238
0.1439856908630196 -0.07409126133107452 -0.0511181129337883 -0.10538052581458537 -0.011249284395936452 0.04905345586361238
-0.16014735004152233 0.003367784605957954 0.006833564014300308 -0.04597483724263773 -0.010598436984130636 -0.1309831640613479
-0.16014735004152233 0.003367784605957954 0.0041993968802962805 -0.055875785337962336 -0.0073441999251015605 -0.22100147402382805
-0.2615250303430363 0.02720133720196795 -0.03531311012976413 -0.16478621438653301 -0.019059453337606235 -0.2660106290050681
-0.36290271064455026 0.00038859053145670494 -0.03531311012976413 -0.055875785337962336 -0.009947589572324821 0.04905345586361238
0.0932968507122626 -0.035361738362558286 -0.043215611531776214 -0.08557862962393616 -0.016456063690382973 -0.2660106290050681
0.042608010561505615 0.04209730757447419 -0.0511181129337883 -0.12518242200523458 -0.01840860592580042 -0.2660106290050681
0.042608010561505615 -0.002590603543044544 -0.014239773057731912 0.003529903233985305 0.018038849135325233 0.40912669571353294
-0.058769669740008364 -0.005569797617545794 -0.011605605923727884 0.14214317656852982 0.0024185112519856684 -0.2660106290050681
0.042608010561505615 0.04805569572347669 0.05688273956037683 0.22135076133112666 0.00892698537004382 0.04905345586361238
0.34674105146604756 0.003367784605957954 -0.003703104521715802 -0.026172941051988516 0.00892698537004382 0.40912669571353294
-0.6163469113983352 -0.002590603543044544 -0.01687394019173594 -0.06577673343328694 -0.004740810277878299 -0.2660106290050681
0.0932968507122626 0.07188924831948669 -0.0326789429957601 -0.07567768152861155 -0.02101199557302368 0.40912669571353294
-0.058769669740008364 0.05997247202148169 -0.040581444397772184 -0.07567768152861155 -0.00864589474871319 0.04905345586361238
-0.058769669740008364 -0.008548991692047042 -0.019508107325739966 -0.08557862962393616 -0.01840860592580042 -0.2660106290050681
0.0932968507122626 -0.02344496206455329 0.017370232550316417 -0.036073889147313125 -0.0014865732188492232 0.22909007578857266
0.042608010561505615 0.06891005424498543 0.012101898282308362 0.09263843609190676 -0.0008357258070434078 0.5891633156384932
-0.058769669740008364 0.0361389194254717 0.006833564014300308 0.07283653990125756 -0.013201826631353898 -0.2660106290050681
-0.008080829589251375 -0.038340932437059536 0.0015652297462922528 -0.06577673343328694 -0.0008357258070434078 0.04905345586361238
0.4481187317675615 -0.08302884355457828 -0.043215611531776214 -0.036073889147313125 0.006974443134626375 0.1390717658260925
-0.3122138704937933 0.06593086017048419 0.09902941370444127 0.12234128037788058 0.0037202060755972986 -0.2660106290050681
-0.10945850989076535 0.04507650164897544 -0.043215611531776214 -0.09547957771926077 -0.01840860592580042 -0.1309831640613479
0.4481187317675615 0.04805569572347669 0.072687742364401 0.17184602085450362 0.10720494455272193 0.22909007578857266
-0.16014735004152233 -0.07409126133107452 -0.030044775861756075 -0.11528147390990998 -0.014503521454965527 0.04905345586361238
-0.2108361901922793 -0.035361738362558286 0.01473606541631239 0.02333179942463452 0.013482917252684527 -0.2660106290050681
-0.058769669740008364 0.11657715943700542 -0.011605605923727884 0.003529903233985305 -0.0073441999251015605 -0.1309831640613479
-0.10945850989076535 0.07188924831948669 -0.011605605923727884 -0.06577673343328694 -0.01971030074941205 -0.2660106290050681
0.042608010561505615 0.11061877128800292 -0.02741060872775205 -0.04597483724263773 0.01153037501726708 -0.2660106290050681
0.0932968507122626 -0.008548991692047042 -0.040581444397772184 -0.10538052581458537 -0.01580521627857716 0.22909007578857266
-0.2108361901922793 0.11657715943700542 -0.03794727726376816 -0.026172941051988516 -0.006693352513295745 0.22909007578857266
-0.4135915507953073 0.012305366829461702 0.020004399684320443 0.033232747519959124 0.00632359572282056 -0.2660106290050681
-0.10945850989076535 -0.005569797617545794 -0.008971438789723857 -0.036073889147313125 -0.007995047336907375 -0.04096485409886776
-0.058769669740008364 -0.02046576799005204 -0.01687394019173594 0.04313369561528373 -0.006042505101489929 0.22909007578857266
-0.008080829589251375 0.006346978680459203 -0.03531311012976413 -0.055875785337962336 -0.012550979219548081 0.22909007578857266
-0.008080829589251375 -0.008548991692047042 -0.05375228006779232 -0.08557862962393616 -0.014503521454965527 0.04905345586361238
0.2960522113152905 -0.002590603543044544 0.05951690669438085 0.18174696894982822 0.10720494455272193 0.7691999355634536
-0.2108361901922793 -0.02344496206455329 -0.003703104521715802 -0.036073889147313125 -0.007995047336907375 0.04905345586361238
0.1439856908630196 -0.014507379841049542 -0.006337271655719829 -0.026172941051988516 -0.01840860592580042 -0.22100147402382805
-0.008080829589251375 -0.02046576799005204 -0.04848394579978427 0.013430851329309912 -0.011249284395936452 0.22909007578857266
0.1439856908630196 -0.032382544288057036 0.027906901086332526 0.05303464371060834 0.00632359572282056 -0.22100147402382805
0.0932968507122626 -0.038340932437059536 -0.024776441593748023 -0.01627199295666391 -0.010598436984130636 0.1390717658260925
0.24536337116453355 0.02124294905296545 -0.0010689373877117746 -0.10538052581458537 -0.011249284395936452 -0.2660106290050681
-0.16014735004152233 -0.08302884355457828 -0.011605605923727884 -0.01627199295666391 -0.013852674043159712 0.04905345586361238
0.19467453101377657 -0.014507379841049542 -0.022142274459743993 -0.06577673343328694 -0.017757758513994602 -0.2660106290050681
-0.10945850989076535 0.15530668240552167 0.012101898282308362 0.04313369561528373 0.0024185112519856684 -0.2660106290050681
-0.008080829589251375 0.006346978680459203 -0.043215611531776214 -0.09547957771926077 -0.013201826631353898 -0.2660106290050681
-0.10945850989076535 -0.06813287318207202 0.012101898282308362 0.013430851329309912 -0.003439115454266669 -0.04096485409886776
0.0932968507122626 -0.08898723170358076 -0.030044775861756075 -0.04597483724263773 -0.011249284395936452 0.04905345586361238
0.1439856908630196 -0.041320126511560785 -0.014239773057731912 -0.036073889147313125 -0.003439115454266669 -0.2660106290050681
0.1439856908630196 -0.08004964948007702 -0.0511181129337883 -0.08557862962393616 0.010228680193655451 0.22909007578857266
0.2960522113152905 0.012305366829461702 -0.008971438789723857 0.003529903233985305 0.0030693586637914835 0.22909007578857266
0.1439856908630196 0.05103488979797794 -0.0326789429957601 -0.07567768152861155 -0.007995047336907375 -0.1309831640613479
-0.10945850989076535 0.030180531276469195 -0.01687394019173594 0.003529903233985305 -0.013852674043159712 0.04905345586361238
-0.10945850989076535 -0.02344496206455329 -0.02741060872775205 -0.07567768152861155 -0.019059453337606235 -0.2660106290050681
-0.10945850989076535 0.012305366829461702 0.0015652297462922528 0.003529903233985305 -0.015154368866771344 -0.2660106290050681
0.0932968507122626 0.02720133720196795 0.10429774797244933 0.07283653990125756 0.029754102547829907 0.3191083857510528
-0.5656580712475783 -0.09196642577808202 -0.043215611531776214 -0.055875785337962336 -0.019059453337606235 -0.2660106290050681
0.1439856908630196 0.09572280091549668 0.043711903890356694 -0.01627199295666391 -0.0008357258070434078 0.1390717658260925
0.19467453101377657 0.003367784605957954 -0.014239773057731912 0.013430851329309912 -0.004740810277878299 0.1390717658260925
-0.10945850989076535 -0.035361738362558286 0.0015652297462922528 -0.07567768152861155 -0.013852674043159712 -0.1309831640613479
-0.16014735004152233 0.0182637549784642 -0.022142274459743993 0.3005583460937235 -0.019059453337606235 0.04905345586361238
-0.2615250303430363 -0.01748657391555079 0.07532190949840502 0.07283653990125756 -0.009947589572324821 -0.3110197839863082
0.042608010561505615 0.0242221431274667 0.009467731148304336 -0.006371044861339302 -0.0014865732188492232 -0.3110197839863082
-0.2108361901922793 -0.044299320586062035 -0.003703104521715802 0.10253938418723138 0.04537444043116947 0.04905345586361238
0.24536337116453355 -0.032382544288057036 -0.019508107325739966 -0.06577673343328694 -0.012550979219548081 0.04905345586361238
0.0932968507122626 -0.02344496206455329 -0.02741060872775205 -0.01627199295666391 -0.011900131807742267 0.22909007578857266
-0.008080829589251375 -0.02344496206455329 -0.022142274459743993 -0.036073889147313125 -0.011249284395936452 0.40912669571353294
0.042608010561505615 0.07784763646848919 0.012101898282308362 -0.026172941051988516 0.06294732054992648 -0.2660106290050681
-0.2615250303430363 -0.05323690280956578 -0.022142274459743993 -0.01627199295666391 -0.0027882680424608534 0.04905345586361238
-0.058769669740008364 -0.05621609688406703 0.027906901086332526 -0.026172941051988516 0.00632359572282056 -0.1309831640613479
-0.16014735004152233 0.00038859053145670494 -0.04848394579978427 0.033232747519959124 -0.01840860592580042 -0.3110197839863082
-0.008080829589251375 0.0182637549784642 0.017370232550316417 -0.055875785337962336 0.00762529054643219 0.22909007578857266
-0.2615250303430363 -0.029403350213555786 -0.03531311012976413 -0.036073889147313125 -0.01580521627857716 0.04905345586361238
0.1439856908630196 -0.02046576799005204 -0.011605605923727884 -0.06577673343328694 -0.013201826631353898 0.1390717658260925
-0.2108361901922793 0.02124294905296545 -0.014239773057731912 -0.055875785337962336 -0.013201826631353898 -0.2660106290050681
-0.2108361901922793 0.0242221431274667 0.05688273956037683 0.04313369561528373 0.015435459488101972 -0.2660106290050681
-0.3122138704937933 0.05401408387247919 -0.006337271655719829 0.003529903233985305 -0.0021374206306550383 -0.2660106290050681
-0.008080829589251375 -0.05621609688406703 -0.019508107325739966 -0.07567768152861155 -0.0073441999251015605 -0.04096485409886776
-0.10945850989076535 -0.044299320586062035 -0.030044775861756075 -0.07567768152861155 -0.01580521627857716 0.22909007578857266
-0.058769669740008364 -0.06515367910757078 0.0041993968802962805 -0.026172941051988516 -0.01580521627857716 0.04905345586361238
0.042608010561505615 0.0242221431274667 -0.02741060872775205 0.06293559180593294 -0.013201826631353898 -0.2660106290050681
0.4988075719183185 -0.029403350213555786 -0.003703104521715802 -0.01627199295666391 0.024547323253383387 0.22909007578857266
-0.2615250303430363 -0.035361738362558286 -0.0326789429957601 -0.006371044861339302 -0.014503521454965527 -0.2660106290050681
-0.10945850989076535 0.07784763646848919 -0.006337271655719829 -0.036073889147313125 0.001116816428374038 -0.2660106290050681
0.2960522113152905 -0.041320126511560785 0.020004399684320443 0.013430851329309912 -0.009947589572324821 0.1390717658260925
-0.16014735004152233 -0.01748657391555079 -0.03794727726376816 -0.04597483724263773 -0.009296742160519006 0.1390717658260925
-0.2108361901922793 -0.06515367910757078 -0.02741060872775205 -0.04597483724263773 -0.02101199557302368 -0.04096485409886776
0.39742989161680453 -0.011528185766548292 0.1912252633945822 0.3203602422843727 0.049279524902004365 0.22909007578857266
0.39742989161680453 0.1582858764800229 -0.006337271655719829 -0.006371044861339302 -0.004740810277878299 0.40912669571353294
0.042608010561505615 -0.02046576799005204 -0.014239773057731912 0.013430851329309912 -0.015154368866771344 0.22909007578857266
0.0932968507122626 -0.05025770873506453 0.0542485724263728 0.08273748799658216 0.03496088184227643 0.22909007578857266
-0.2108361901922793 -0.011528185766548292 -0.022142274459743993 -0.006371044861339302 -0.007995047336907375 0.5891633156384932
0.1439856908630196 -0.005569797617545794 -0.01687394019173594 -0.06577673343328694 -0.012550979219548081 0.22909007578857266
0.24536337116453355 0.06891005424498543 -0.024776441593748023 0.02333179942463452 0.005672748311014744 0.22909007578857266
0.1439856908630196 0.04209730757447419 0.072687742364401 0.22135076133112666 0.015435459488101972 0.3191083857510528
0.042608010561505615 -0.04727851466056328 -0.014239773057731912 -0.026172941051988516 -0.0021374206306550383 0.04905345586361238
-0.2108361901922793 -0.008548991692047042 -0.0511181129337883 -0.09547957771926077 -0.01971030074941205 0.04905345586361238
0.0932968507122626 0.02124294905296545 0.14644442211651376 0.16194507275917902 -0.004740810277878299 0.5891633156384932
0.39742989161680453 -0.038340932437059536 0.0015652297462922528 0.09263843609190676 0.02259478101796594 0.5891633156384932
0.24536337116453355 -0.029403350213555786 -0.011605605923727884 -0.026172941051988516 -0.006693352513295745 0.22909007578857266
0.042608010561505615 0.012305366829461702 0.14907858925051778 0.2510536056171005 0.018689696547131047 0.22909007578857266
0.0932968507122626 0.06891005424498543 -0.022142274459743993 0.033232747519959124 0.055137151608256704 0.4991450056760131
-0.058769669740008364 -0.02046576799005204 -0.022142274459743993 0.02333179942463452 -0.01840860592580042 0.04905345586361238
-0.10945850989076535 0.06891005424498543 -0.003703104521715802 0.02333179942463452 -0.004740810277878299 0.04905345586361238
0.24536337116453355 -0.05919529095856828 -0.003703104521715802 0.003529903233985305 0.00762529054643219 -0.2660106290050681
-0.2108361901922793 0.02720133720196795 -0.006337271655719829 -0.08557862962393616 -0.013852674043159712 -0.2660106290050681
0.0932968507122626 -0.032382544288057036 0.012101898282308362 -0.11528147390990998 -0.012550979219548081 -0.2660106290050681
0.042608010561505615 -0.07111206725657328 -0.0010689373877117746 -0.006371044861339302 0.0004659690165682226 0.3191083857510528
-0.008080829589251375 -0.07409126133107452 0.006833564014300308 0.09263843609190676 -0.0073441999251015605 -0.2660106290050681
0.19467453101377657 0.06295166609598293 -0.008971438789723857 -0.04597483724263773 -0.015154368866771344 -0.2660106290050681
0.0932968507122626 0.02720133720196795 -0.022142274459743993 -0.04597483724263773 -0.017757758513994602 -0.04096485409886776
-0.008080829589251375 0.030180531276469195 -0.030044775861756075 -0.10538052581458537 0.0024185112519856684 -0.1309831640613479
-0.10945850989076535 -0.011528185766548292 -0.019508107325739966 -0.12518242200523458 -0.015154368866771344 -0.04096485409886776
-0.2108361901922793 0.02720133720196795 0.017370232550316417 0.033232747519959124 -0.01580521627857716 -0.2660106290050681
0.39742989161680453 0.08678521869199293 0.07005357523039697 0.20154886514047746 0.017388001723519418 1.4893464152632947
-0.4135915507953073 -0.041320126511560785 0.09639524657043724 0.1322422284732052 0.03496088184227643 0.22909007578857266
0.1439856908630196 0.00038859053145670494 0.041077736756352665 0.05303464371060834 -0.003439115454266669 0.40912669571353294
0.0932968507122626 0.11359796536250417 0.05951690669438085 0.08273748799658216 0.03626257666588806 0.7691999355634536
-0.2615250303430363 0.04507650164897544 -0.014239773057731912 0.013430851329309912 -0.005391657689684115 -0.2660106290050681
-0.008080829589251375 -0.026424156139054536 -0.006337271655719829 0.04313369561528373 -0.004740810277878299 -0.1309831640613479
0.042608010561505615 0.00038859053145670494 -0.030044775861756075 -0.055875785337962336 -0.010598436984130636 -0.2660106290050681
0.19467453101377657 -0.014507379841049542 0.020004399684320443 0.02333179942463452 -0.013852674043159712 -0.04096485409886776
0.24536337116453355 -0.05919529095856828 -0.045849778665780244 -0.10538052581458537 -0.015154368866771344 0.22909007578857266
0.042608010561505615 -0.038340932437059536 0.0015652297462922528 -0.01627199295666391 0.0024185112519856684 -0.2660106290050681
0.34674105146604756 0.07188924831948669 0.03317523535434058 0.18174696894982822 0.028452407724218278 0.22909007578857266
0.042608010561505615 -0.07707045540557578 -0.0326789429957601 -0.06577673343328694 -0.009947589572324821 -0.1309831640613479
-0.16014735004152233 0.05997247202148169 0.03317523535434058 0.033232747519959124 0.07661511619784861 -0.1309831640613479
0.2960522113152905 0.00038859053145670494 0.10429774797244933 0.013430851329309912 -0.0014865732188492232 0.22909007578857266
-0.10945850989076535 -0.06813287318207202 0.006833564014300308 0.013430851329309912 -0.006042505101489929 -0.1309831640613479
0.042608010561505615 -0.008548991692047042 0.0041993968802962805 0.013430851329309912 -0.016456063690382973 -0.22100147402382805
