0.06865493401321188 -0.04448224237983798 -0.0001779289695193531 -0.019011660397219316
-0.007741808982745391 -0.0738491596791485 -0.00029539663871659585 -0.034177734315228615
-0.11469724917708557 -0.015115325080527469 -6.046130032211029e-05 -0.0021604671549867657
0.17561037420755207 -0.1325829942777695 -0.0005303319771110815 -0.022381899045665826
0.20616907140593496 -0.04448224237983798 -0.0001779289695193531 0.031541919329478335
-0.11469724917708557 -0.015115325080527469 -6.046130032211029e-05 0.004580010141906255
-0.11469724917708557 -0.0738491596791485 -0.00029539663871659585 -0.039233092287898376
-0.11469724917708557 -0.1325829942777695 -0.0005303319771110815 -0.05439916620590767
-0.11469724917708557 -0.1325829942777695 -0.0005303319771110815 -0.05439916620590767
0.06865493401321188 -0.0738491596791485 -0.00029539663871659585 -0.02575213769411234
0.17561037420755207 -0.015115325080527469 -6.046130032211029e-05 0.04333775459904112
-0.11469724917708557 -0.0738491596791485 -0.00029539663871659585 -0.01732654107299606
-0.11469724917708557 0.04361850951809356 0.0001744740380723753 0.0012097714934597445
0.007537539616446064 -0.015115325080527469 -6.046130032211029e-05 0.0062651294661295095
0.46591799759218966 -0.1325829942777695 -0.0005303319771110815 0.00963536811457602
-0.08413855197870267 -0.1325829942777695 -0.0005303319771110815 -0.05102892755746116
-0.08413855197870267 -0.0738491596791485 -0.00029539663871659585 -0.010586063776103041
-0.08413855197870267 -0.10321607697845901 -0.00041286430791383867 0.02985680000525508
0.0992136312115948 -0.015115325080527469 -6.046130032211029e-05 0.04333775459904112
-0.08413855197870267 -0.10321607697845901 -0.00041286430791383867 -0.05102892755746116
-0.11469724917708557 -0.0738491596791485 -0.00029539663871659585 -0.02069677972144257
-0.11469724917708557 0.10235234411671458 0.0004094093764668609 0.06692942513816669
-0.11469724917708557 0.4253884344091302 0.0017015537376365317 0.018060964735692294
-0.08413855197870267 0.1317192614160251 0.0005268770456641037 -0.010586063776103041
-0.11469724917708557 0.16108617871533562 0.0006443447148613465 0.07535502175928296
-0.08413855197870267 -0.1325829942777695 -0.0005303319771110815 -0.05102892755746116
0.053375585414020425 -0.04448224237983798 -0.0001779289695193531 -0.022381899045665826
0.0992136312115948 -0.1325829942777695 -0.0005303319771110815 -0.030807495666782102
-0.11469724917708557 -0.1325829942777695 -0.0005303319771110815 -0.05439916620590767
0.02281688821563752 -0.10321607697845901 -0.00041286430791383867 0.02985680000525508
-0.08413855197870267 0.10235234411671458 0.0004094093764668609 -0.010586063776103041
-0.11469724917708557 -0.015115325080527469 -6.046130032211029e-05 -0.01395630242454955
-0.11469724917708557 -0.015115325080527469 -6.046130032211029e-05 -0.030807495666782102
-0.11469724917708557 0.19045309601464613 0.0007618123840585892 0.060188947841273675
-0.11469724917708557 -0.1325829942777695 -0.0005303319771110815 -0.05439916620590767
-0.08413855197870267 0.10235234411671458 0.0004094093764668609 0.0062651294661295095
0.06865493401321188 -0.10321607697845901 -0.00041286430791383867 -0.034177734315228615
0.038096236814828974 0.10235234411671458 0.0004094093764668609 0.04333775459904112
0.20616907140593496 -0.0738491596791485 -0.00029539663871659585 0.04670799324748763
-0.08413855197870267 0.014251592218783044 5.70063688751325e-05 -0.007215825127656531
0.02281688821563752 -0.04448224237983798 -0.0001779289695193531 0.04502287392326438
0.06865493401321188 -0.015115325080527469 -6.046130032211029e-05 -0.034177734315228615
-0.11469724917708557 -0.1325829942777695 -0.0005303319771110815 -0.05439916620590767
0.0992136312115948 0.24918693061326713 0.0009967477224530749 0.08209549905617598
0.02281688821563752 0.24918693061326713 0.0009967477224530749 0.06524430581394344
0.20616907140593496 -0.0738491596791485 -0.00029539663871659585 0.02311632270836206
0.02281688821563752 -0.10321607697845901 -0.00041286430791383867 -0.039233092287898376
0.17561037420755207 0.04361850951809356 0.0001744740380723753 0.0062651294661295095
-0.09941790057789412 0.33728768251119867 0.0013491507300448034 0.08715085702884576
-0.11469724917708557 -0.1325829942777695 -0.0005303319771110815 -0.05439916620590767
0.06865493401321188 -0.04448224237983798 -0.0001779289695193531 0.038282396626371354
-0.08413855197870267 -0.04448224237983798 -0.0001779289695193531 0.01974608405991555
0.20616907140593496 0.07298542681740407 0.0002919417072696181 0.01974608405991555
0.02281688821563752 0.48412226900775124 0.0019364890760310172 0.10737228891952481
0.02281688821563752 -0.0738491596791485 -0.00029539663871659585 -0.030807495666782102
0.02281688821563752 -0.0738491596791485 -0.00029539663871659585 -0.019011660397219316
-0.09941790057789412 0.1317192614160251 0.0005268770456641037 -0.0021604671549867657
-0.08413855197870267 -0.1325829942777695 -0.0005303319771110815 -0.05102892755746116
-0.007741808982745391 -0.10321607697845901 -0.00041286430791383867 -0.030807495666782102
0.06865493401321188 0.04361850951809356 0.0001744740380723753 0.018060964735692294
-0.08413855197870267 -0.10321607697845901 -0.00041286430791383867 -0.019011660397219316
-0.007741808982745391 -0.0738491596791485 -0.00029539663871659585 0.02985680000525508
0.17561037420755207 -0.04448224237983798 -0.0001779289695193531 0.02985680000525508
0.053375585414020425 -0.0738491596791485 -0.00029539663871659585 -0.034177734315228615
0.06865493401321188 -0.10321607697845901 -0.00041286430791383867 -0.034177734315228615
-0.08413855197870267 0.30792076521188816 0.0012316830608475606 0.060188947841273675
-0.007741808982745391 -0.1325829942777695 -0.0005303319771110815 -0.042603330936344885
-0.09941790057789412 0.30792076521188816 0.0012316830608475606 0.06692942513816669
-0.11469724917708557 -0.1325829942777695 -0.0005303319771110815 -0.05439916620590767
0.19088972280674352 -0.1325829942777695 -0.0005303319771110815 -0.02069677972144257
0.0992136312115948 -0.1325829942777695 -0.0005303319771110815 -0.030807495666782102
-0.08413855197870267 0.014251592218783044 5.70063688751325e-05 0.0012097714934597445
0.0992136312115948 -0.1325829942777695 -0.0005303319771110815 -0.030807495666782102
0.17561037420755207 -0.0738491596791485 -0.00029539663871659585 -0.01395630242454955
-0.08413855197870267 0.07298542681740407 0.0002919417072696181 -0.01395630242454955
0.0992136312115948 -0.0738491596791485 -0.00029539663871659585 -0.02575213769411234
0.20616907140593496 0.07298542681740407 0.0002919417072696181 0.05850382851705042
-0.11469724917708557 -0.04448224237983798 -0.0001779289695193531 -0.030807495666782102
0.0992136312115948 0.014251592218783044 5.70063688751325e-05 0.02648656135680857
0.17561037420755207 -0.10321607697845901 -0.00041286430791383867 -0.019011660397219316
-0.0383005061811283 -0.10321607697845901 -0.00041286430791383867 -0.030807495666782102
-0.08413855197870267 0.04361850951809356 0.0001744740380723753 -0.02069677972144257
-0.08413855197870267 -0.0738491596791485 -0.00029539663871659585 -0.0004753478307635105
0.0992136312115948 0.19045309601464613 0.0007618123840585892 0.02648656135680857
0.02281688821563752 -0.015115325080527469 -6.046130032211029e-05 0.0012097714934597445
0.02281688821563752 -0.10321607697845901 -0.00041286430791383867 -0.022381899045665826
-0.11469724917708557 -0.1325829942777695 -0.0005303319771110815 -0.05439916620590767
-0.08413855197870267 0.014251592218783044 5.70063688751325e-05 0.0062651294661295095
-0.007741808982745391 -0.1325829942777695 -0.0005303319771110815 -0.042603330936344885
-0.08413855197870267 -0.10321607697845901 -0.00041286430791383867 0.011320487438799275
-0.11469724917708557 -0.04448224237983798 -0.0001779289695193531 -0.030807495666782102
0.20616907140593496 -0.10321607697845901 -0.00041286430791383867 -0.01395630242454955
0.02281688821563752 0.04361850951809356 0.0001744740380723753 0.05007823189593414
-0.11469724917708557 0.014251592218783044 5.70063688751325e-05 -0.010586063776103041
0.02281688821563752 -0.015115325080527469 -6.046130032211029e-05 0.02648656135680857
-0.08413855197870267 -0.015115325080527469 -6.046130032211029e-05 -0.01395630242454955
0.0992136312115948 -0.1325829942777695 -0.0005303319771110815 -0.030807495666782102
-0.11469724917708557 -0.10321607697845901 -0.00041286430791383867 -0.039233092287898376
-0.08413855197870267 -0.015115325080527469 -6.046130032211029e-05 -0.034177734315228615
-0.08413855197870267 0.19045309601464613 0.0007618123840585892 -0.0004753478307635105
0.0992136312115948 -0.0738491596791485 -0.00029539663871659585 -0.019011660397219316
0.0992136312115948 -0.1325829942777695 -0.0005303319771110815 -0.030807495666782102
-0.023021157581936846 0.1317192614160251 0.0005268770456641037 0.04839311257171089
-0.08413855197870267 -0.04448224237983798 -0.0001779289695193531 -0.027437257018335593
0.0992136312115948 0.1317192614160251 0.0005268770456641037 0.04670799324748763
-0.11469724917708557 -0.1325829942777695 -0.0005303319771110815 -0.05439916620590767
0.0992136312115948 -0.1325829942777695 -0.0005303319771110815 -0.030807495666782102
-0.08413855197870267 0.10235234411671458 0.0004094093764668609 0.00963536811457602
-0.09941790057789412 -0.015115325080527469 -6.046130032211029e-05 -0.037547972963675125
-0.11469724917708557 0.27855384791257765 0.0011142153916503176 0.05007823189593414
-0.11469724917708557 -0.0738491596791485 -0.00029539663871659585 0.02985680000525508
-0.007741808982745391 0.16108617871533562 0.0006443447148613465 0.024801442032585316
-0.053579854780319756 0.48412226900775124 0.0019364890760310172 -0.010586063776103041
-0.08413855197870267 0.30792076521188816 0.0012316830608475606 0.10737228891952481
-0.11469724917708557 -0.10321607697845901 -0.00041286430791383867 0.011320487438799275
-0.11469724917708557 0.014251592218783044 5.70063688751325e-05 -0.01395630242454955
0.17561037420755207 -0.10321607697845901 -0.00041286430791383867 -0.019011660397219316
-0.11469724917708557 0.27855384791257765 0.0011142153916503176 0.024801442032585316
0.02281688821563752 0.16108617871533562 0.0006443447148613465 0.01300560676302253
0.06865493401321188 -0.10321607697845901 -0.00041286430791383867 -0.034177734315228615
-0.08413855197870267 0.014251592218783044 5.70063688751325e-05 -0.030807495666782102
-0.08413855197870267 -0.1325829942777695 -0.0005303319771110815 -0.05102892755746116
-0.11469724917708557 -0.1325829942777695 -0.0005303319771110815 -0.05439916620590767
-0.08413855197870267 -0.015115325080527469 -6.046130032211029e-05 -0.019011660397219316
0.08393428261240334 0.30792076521188816 0.0012316830608475606 0.08041037973195274
-0.08413855197870267 0.16108617871533562 0.0006443447148613465 -0.010586063776103041
0.02281688821563752 -0.0738491596791485 -0.00029539663871659585 0.0702996637866132
-0.08413855197870267 -0.10321607697845901 -0.00041286430791383867 0.01974608405991555
0.17561037420755207 -0.0738491596791485 -0.00029539663871659585 0.060188947841273675
-0.11469724917708557 -0.015115325080527469 -6.046130032211029e-05 -0.030807495666782102
0.20616907140593496 0.9539929457967194 0.003815971783186902 0.10737228891952481
0.02281688821563752 -0.0738491596791485 -0.00029539663871659585 0.00963536811457602
0.0992136312115948 0.04361850951809356 0.0001744740380723753 0.007950248790352764
-0.08413855197870267 -0.04448224237983798 -0.0001779289695193531 -0.05102892755746116
-0.0383005061811283 0.24918693061326713 0.0009967477224530749 0.02311632270836206
0.0992136312115948 0.04361850951809356 0.0001744740380723753 0.08883597635306902
0.20616907140593496 -0.10321607697845901 -0.00041286430791383867 -0.010586063776103041
-0.11469724917708557 -0.1325829942777695 -0.0005303319771110815 -0.05439916620590767
0.0992136312115948 0.014251592218783044 5.70063688751325e-05 0.07872526040772948
0.20616907140593496 -0.1325829942777695 -0.0005303319771110815 -0.019011660397219316
0.02281688821563752 -0.10321607697845901 -0.00041286430791383867 0.060188947841273675
-0.08413855197870267 -0.1325829942777695 -0.0005303319771110815 -0.05102892755746116
-0.08413855197870267 -0.10321607697845901 -0.00041286430791383867 -0.042603330936344885
-0.053579854780319756 0.33728768251119867 0.0013491507300448034 0.060188947841273675
-0.08413855197870267 -0.10321607697845901 -0.00041286430791383867 -0.005530705803433276
0.06865493401321188 -0.1325829942777695 -0.0005303319771110815 -0.034177734315228615
-0.11469724917708557 0.10235234411671458 0.0004094093764668609 -0.02069677972144257
-0.11469724917708557 -0.04448224237983798 -0.0001779289695193531 -0.030807495666782102
-0.023021157581936846 0.10235234411671458 0.0004094093764668609 0.03996751595059461
0.02281688821563752 0.014251592218783044 5.70063688751325e-05 -0.010586063776103041
0.02281688821563752 -0.10321607697845901 -0.00041286430791383867 -0.039233092287898376
-0.08413855197870267 -0.1325829942777695 -0.0005303319771110815 -0.05102892755746116
-0.11469724917708557 -0.04448224237983798 -0.0001779289695193531 -0.030807495666782102
-0.12997659777627704 0.21982001331395665 0.000879280053255832 0.021431203384138807
0.038096236814828974 0.27855384791257765 0.0011142153916503176 0.06187406716549693
-0.08413855197870267 -0.015115325080527469 -6.046130032211029e-05 -0.030807495666782102
-0.11469724917708557 0.10235234411671458 0.0004094093764668609 0.0028948908176829997
-0.11469724917708557 -0.1325829942777695 -0.0005303319771110815 -0.05439916620590767
0.038096236814828974 0.16108617871533562 0.0006443447148613465 -0.019011660397219316
0.02281688821563752 0.014251592218783044 5.70063688751325e-05 -0.01395630242454955
0.02281688821563752 -0.0738491596791485 -0.00029539663871659585 0.004580010141906255
-0.11469724917708557 0.8365252765994774 0.0033461011063979306 0.07198478311083646
0.02281688821563752 0.014251592218783044 5.70063688751325e-05 0.03996751595059461
-0.11469724917708557 -0.1325829942777695 -0.0005303319771110815 -0.05439916620590767
0.0992136312115948 -0.04448224237983798 -0.0001779289695193531 -0.0021604671549867657
-0.11469724917708557 -0.015115325080527469 -6.046130032211029e-05 -0.030807495666782102
0.17561037420755207 -0.1325829942777695 -0.0005303319771110815 -0.022381899045665826
0.9854158499646992 -0.1325829942777695 -0.0005303319771110815 0.06692942513816669
0.06865493401321188 0.07298542681740407 0.0002919417072696181 0.02648656135680857
0.0992136312115948 0.014251592218783044 5.70063688751325e-05 0.00963536811457602
-0.11469724917708557 -0.10321607697845901 -0.00041286430791383867 -0.05102892755746116
0.20616907140593496 -0.1325829942777695 -0.0005303319771110815 -0.019011660397219316
0.06865493401321188 0.07298542681740407 0.0002919417072696181 -0.01395630242454955
0.0992136312115948 0.07298542681740407 0.0002919417072696181 -0.010586063776103041
-0.11469724917708557 -0.1325829942777695 -0.0005303319771110815 -0.05439916620590767
0.0992136312115948 -0.015115325080527469 -6.046130032211029e-05 -0.012271183100326296
0.17561037420755207 -0.0738491596791485 -0.00029539663871659585 -0.01395630242454955
0.17561037420755207 -0.0738491596791485 -0.00029539663871659585 0.0062651294661295095
0.20616907140593496 -0.0738491596791485 -0.00029539663871659585 0.0012097714934597445
0.02281688821563752 0.30792076521188816 0.0012316830608475606 0.09220621500151552
0.06865493401321188 0.07298542681740407 0.0002919417072696181 0.01974608405991555
-0.007741808982745391 -0.10321607697845901 -0.00041286430791383867 -0.039233092287898376
-0.11469724917708557 0.16108617871533562 0.0006443447148613465 0.00963536811457602
0.02281688821563752 0.07298542681740407 0.0002919417072696181 0.01974608405991555
0.06865493401321188 -0.1325829942777695 -0.0005303319771110815 -0.034177734315228615
-0.08413855197870267 -0.10321607697845901 -0.00041286430791383867 -0.008900944451879786
-0.08413855197870267 0.07298542681740407 0.0002919417072696181 0.00963536811457602
-0.0383005061811283 0.16108617871533562 0.0006443447148613465 0.09220621500151552
0.17561037420755207 0.014251592218783044 5.70063688751325e-05 0.02311632270836206
-0.11469724917708557 -0.10321607697845901 -0.00041286430791383867 -0.05102892755746116
0.02281688821563752 0.014251592218783044 5.70063688751325e-05 0.06187406716549693
0.20616907140593496 -0.10321607697845901 -0.00041286430791383867 -0.019011660397219316
-0.08413855197870267 -0.1325829942777695 -0.0005303319771110815 -0.05102892755746116
-0.08413855197870267 -0.04448224237983798 -0.0001779289695193531 -0.01395630242454955
0.17561037420755207 -0.10321607697845901 -0.00041286430791383867 -0.015641421748772807
0.06865493401321188 -0.015115325080527469 -6.046130032211029e-05 -0.010586063776103041
-0.11469724917708557 -0.1325829942777695 -0.0005303319771110815 -0.05439916620590767
0.02281688821563752 -0.10321607697845901 -0.00041286430791383867 -0.022381899045665826
-0.007741808982745391 -0.015115325080527469 -6.046130032211029e-05 0.028171680681031826
-0.08413855197870267 0.07298542681740407 0.0002919417072696181 -0.010586063776103041
0.0992136312115948 -0.015115325080527469 -6.046130032211029e-05 0.06187406716549693
0.02281688821563752 -0.1325829942777695 -0.0005303319771110815 -0.039233092287898376
0.06865493401321188 -0.10321607697845901 -0.00041286430791383867 -0.030807495666782102
0.06865493401321188 -0.1325829942777695 -0.0005303319771110815 -0.034177734315228615
0.20616907140593496 -0.1325829942777695 -0.0005303319771110815 -0.019011660397219316
0.02281688821563752 -0.1325829942777695 -0.0005303319771110815 -0.039233092287898376
0.0992136312115948 0.04361850951809356 0.0001744740380723753 -0.010586063776103041
-0.08413855197870267 -0.0738491596791485 -0.00029539663871659585 -0.01732654107299606
0.038096236814828974 0.21982001331395665 0.000879280053255832 0.04165263527481786
0.02281688821563752 0.07298542681740407 0.0002919417072696181 0.02985680000525508
-0.11469724917708557 -0.1325829942777695 -0.0005303319771110815 -0.05439916620590767
-0.08413855197870267 0.014251592218783044 5.70063688751325e-05 -0.034177734315228615
0.06865493401321188 -0.1325829942777695 -0.0005303319771110815 -0.034177734315228615
-0.08413855197870267 -0.10321607697845901 -0.00041286430791383867 -0.05102892755746116
-0.11469724917708557 -0.1325829942777695 -0.0005303319771110815 -0.05439916620590767
0.20616907140593496 -0.10321607697845901 -0.00041286430791383867 -0.01395630242454955
0.20616907140593496 0.19045309601464613 0.0007618123840585892 0.08715085702884576
-0.11469724917708557 -0.04448224237983798 -0.0001779289695193531 -0.039233092287898376
-0.11469724917708557 0.1317192614160251 0.0005268770456641037 0.05007823189593414
0.0992136312115948 0.04361850951809356 0.0001744740380723753 0.0062651294661295095
-0.08413855197870267 -0.0738491596791485 -0.00029539663871659585 0.06187406716549693
0.0992136312115948 -0.1325829942777695 -0.0005303319771110815 -0.030807495666782102
0.0992136312115948 -0.10321607697845901 -0.00041286430791383867 -0.01395630242454955
0.06865493401321188 -0.1325829942777695 -0.0005303319771110815 -0.034177734315228615
0.06865493401321188 -0.015115325080527469 -6.046130032211029e-05 0.05007823189593414
0.02281688821563752 -0.04448224237983798 -0.0001779289695193531 0.04165263527481786
0.17561037420755207 -0.10321607697845901 -0.00041286430791383867 -0.019011660397219316
0.20616907140593496 -0.015115325080527469 -6.046130032211029e-05 0.03996751595059461
0.02281688821563752 -0.1325829942777695 -0.0005303319771110815 -0.039233092287898376
0.17561037420755207 -0.10321607697845901 -0.00041286430791383867 0.02985680000525508
-0.09941790057789412 0.014251592218783044 5.70063688751325e-05 -0.022381899045665826
0.20616907140593496 0.24918693061326713 0.0009967477224530749 0.09894669229840854
-0.08413855197870267 -0.10321607697845901 -0.00041286430791383867 -0.05102892755746116
-0.11469724917708557 -0.04448224237983798 -0.0001779289695193531 -0.01395630242454955
0.06865493401321188 0.07298542681740407 0.0002919417072696181 0.02648656135680857
0.06865493401321188 0.04361850951809356 0.0001744740380723753 0.06355918648972018
0.20616907140593496 0.3960215171098197 0.001584086068439289 0.04670799324748763
0.17561037420755207 -0.0738491596791485 -0.00029539663871659585 0.0062651294661295095
-0.06885920337951121 1.1889282841912037 0.004755713136764844 0.10737228891952481
-0.007741808982745391 0.10235234411671458 0.0004094093764668609 -0.030807495666782102
-0.11469724917708557 -0.10321607697845901 -0.00041286430791383867 -0.05102892755746116
-0.11469724917708557 -0.0738491596791485 -0.00029539663871659585 -0.05102892755746116
-0.08413855197870267 -0.015115325080527469 -6.046130032211029e-05 -0.030807495666782102
0.20616907140593496 -0.1325829942777695 -0.0005303319771110815 -0.019011660397219316
0.20616907140593496 -0.04448224237983798 -0.0001779289695193531 0.018060964735692294
0.20616907140593496 -0.1325829942777695 -0.0005303319771110815 -0.019011660397219316
0.20616907140593496 -0.1325829942777695 -0.0005303319771110815 -0.019011660397219316
0.053375585414020425 -0.0738491596791485 -0.00029539663871659585 -0.030807495666782102
-0.0383005061811283 0.1317192614160251 0.0005268770456641037 0.021431203384138807
-0.08413855197870267 0.4253884344091302 0.0017015537376365317 0.05850382851705042
-0.08413855197870267 -0.015115325080527469 -6.046130032211029e-05 0.03996751595059461
0.02281688821563752 -0.015115325080527469 -6.046130032211029e-05 -0.027437257018335593
-0.08413855197870267 0.16108617871533562 0.0006443447148613465 0.05007823189593414
-0.11469724917708557 -0.10321607697845901 -0.00041286430791383867 -0.05102892755746116
-0.06885920337951121 0.04361850951809356 0.0001744740380723753 -0.01395630242454955
0.038096236814828974 0.19045309601464613 0.0007618123840585892 0.03996751595059461
0.02281688821563752 0.04361850951809356 0.0001744740380723753 -0.008900944451879786
-0.11469724917708557 -0.04448224237983798 -0.0001779289695193531 -0.034177734315228615
-0.11469724917708557 0.014251592218783044 5.70063688751325e-05 -0.030807495666782102
0.20616907140593496 -0.1325829942777695 -0.0005303319771110815 -0.019011660397219316
0.02281688821563752 -0.1325829942777695 -0.0005303319771110815 -0.039233092287898376
-0.11469724917708557 0.16108617871533562 0.0006443447148613465 0.09052109567729226
-0.11469724917708557 0.014251592218783044 5.70063688751325e-05 -0.03249261499100536
-0.08413855197870267 -0.10321607697845901 -0.00041286430791383867 0.028171680681031826
0.06865493401321188 -0.10321607697845901 -0.00041286430791383867 -0.022381899045665826
0.06865493401321188 0.21982001331395665 0.000879280053255832 0.038282396626371354
0.02281688821563752 -0.04448224237983798 -0.0001779289695193531 -0.0004753478307635105
0.02281688821563752 0.10235234411671458 0.0004094093764668609 0.06355918648972018
-0.12997659777627704 0.1317192614160251 0.0005268770456641037 0.014690726087245785
-0.11469724917708557 0.04361850951809356 0.0001744740380723753 -0.003845586479210021
-0.11469724917708557 0.19045309601464613 0.0007618123840585892 0.10737228891952481
-0.08413855197870267 -0.1325829942777695 -0.0005303319771110815 -0.05102892755746116
0.11449297981078625 0.04361850951809356 0.0001744740380723753 0.03996751595059461
-0.11469724917708557 -0.10321607697845901 -0.00041286430791383867 -0.040918211612121634
-0.11469724917708557 0.16108617871533562 0.0006443447148613465 0.01974608405991555
0.06865493401321188 -0.10321607697845901 -0.00041286430791383867 0.0012097714934597445
0.06865493401321188 -0.1325829942777695 -0.0005303319771110815 -0.034177734315228615
-0.11469724917708557 -0.10321607697845901 -0.00041286430791383867 -0.02069677972144257
-0.11469724917708557 -0.1325829942777695 -0.0005303319771110815 -0.05439916620590767
-0.11469724917708557 -0.0738491596791485 -0.00029539663871659585 -0.042603330936344885
0.06865493401321188 0.04361850951809356 0.0001744740380723753 0.021431203384138807
0.06865493401321188 -0.0738491596791485 -0.00029539663871659585 0.011320487438799275
-0.11469724917708557 0.19045309601464613 0.0007618123840585892 0.08041037973195274
0.02281688821563752 0.07298542681740407 0.0002919417072696181 0.02311632270836206
0.02281688821563752 -0.10321607697845901 -0.00041286430791383867 -0.029122376342558848
0.06865493401321188 -0.10321607697845901 -0.00041286430791383867 -0.034177734315228615
-0.08413855197870267 0.014251592218783044 5.70063688751325e-05 -0.010586063776103041
-0.0383005061811283 0.19045309601464613 0.0007618123840585892 0.08715085702884576
-0.08413855197870267 -0.10321607697845901 -0.00041286430791383867 -0.042603330936344885
-0.08413855197870267 -0.1325829942777695 -0.0005303319771110815 -0.05102892755746116
-0.053579854780319756 -0.0738491596791485 -0.00029539663871659585 -0.01395630242454955
0.17561037420755207 -0.1325829942777695 -0.0005303319771110815 -0.022381899045665826
-0.11469724917708557 0.24918693061326713 0.0009967477224530749 0.038282396626371354
0.17561037420755207 -0.1325829942777695 -0.0005303319771110815 -0.022381899045665826
0.0992136312115948 0.07298542681740407 0.0002919417072696181 0.0702996637866132
-0.08413855197870267 0.04361850951809356 0.0001744740380723753 0.02985680000525508
0.0992136312115948 -0.0738491596791485 -0.00029539663871659585 -0.022381899045665826
-0.11469724917708557 -0.10321607697845901 -0.00041286430791383867 -0.05439916620590767
0.17561037420755207 0.014251592218783044 5.70063688751325e-05 0.08715085702884576
-0.1452559463754685 -0.0738491596791485 -0.00029539663871659585 -0.05102892755746116
-0.11469724917708557 0.014251592218783044 5.70063688751325e-05 0.0012097714934597445
0.0992136312115948 -0.0738491596791485 -0.00029539663871659585 0.00963536811457602
-0.11469724917708557 0.16108617871533562 0.0006443447148613465 -0.01395630242454955
0.06865493401321188 -0.04448224237983798 -0.0001779289695193531 -0.01395630242454955
-0.08413855197870267 -0.1325829942777695 -0.0005303319771110815 -0.05102892755746116
0.02281688821563752 -0.015115325080527469 -6.046130032211029e-05 0.004580010141906255
-0.08413855197870267 -0.1325829942777695 -0.0005303319771110815 -0.05102892755746116
-0.08413855197870267 0.10235234411671458 0.0004094093764668609 0.01974608405991555
0.06865493401321188 -0.04448224237983798 -0.0001779289695193531 -0.010586063776103041
-0.08413855197870267 0.014251592218783044 5.70063688751325e-05 0.021431203384138807
0.038096236814828974 0.16108617871533562 0.0006443447148613465 0.007950248790352764
-0.11469724917708557 0.1317192614160251 0.0005268770456641037 0.024801442032585316
-0.08413855197870267 0.04361850951809356 0.0001744740380723753 0.04670799324748763
0.02281688821563752 0.07298542681740407 0.0002919417072696181 0.06355918648972018
0.20616907140593496 -0.0738491596791485 -0.00029539663871659585 -0.0021604671549867657
0.20616907140593496 -0.1325829942777695 -0.0005303319771110815 -0.019011660397219316
-0.08413855197870267 -0.1325829942777695 -0.0005303319771110815 -0.05102892755746116
-0.08413855197870267 0.19045309601464613 0.0007618123840585892 0.09052109567729226
-0.08413855197870267 -0.015115325080527469 -6.046130032211029e-05 0.0012097714934597445
0.17561037420755207 -0.1325829942777695 -0.0005303319771110815 -0.022381899045665826
0.06865493401321188 -0.0738491596791485 -0.00029539663871659585 0.0012097714934597445
0.02281688821563752 -0.10321607697845901 -0.00041286430791383867 -0.01395630242454955
-0.08413855197870267 0.21982001331395665 0.000879280053255832 0.007950248790352764
0.06865493401321188 -0.1325829942777695 -0.0005303319771110815 -0.034177734315228615
0.06865493401321188 -0.0738491596791485 -0.00029539663871659585 -0.01395630242454955
-0.08413855197870267 -0.1325829942777695 -0.0005303319771110815 -0.05102892755746116
-0.09941790057789412 0.07298542681740407 0.0002919417072696181 0.02648656135680857
0.02281688821563752 0.19045309601464613 0.0007618123840585892 0.03996751595059461
-0.11469724917708557 -0.10321607697845901 -0.00041286430791383867 -0.019011660397219316
-0.08413855197870267 -0.10321607697845901 -0.00041286430791383867 -0.05102892755746116
0.17561037420755207 -0.1325829942777695 -0.0005303319771110815 -0.022381899045665826
0.02281688821563752 -0.04448224237983798 -0.0001779289695193531 0.06692942513816669
0.02281688821563752 0.10235234411671458 0.0004094093764668609 -0.0021604671549867657
0.02281688821563752 -0.1325829942777695 -0.0005303319771110815 -0.039233092287898376
0.0992136312115948 -0.1325829942777695 -0.0005303319771110815 -0.030807495666782102
0.17561037420755207 -0.1325829942777695 -0.0005303319771110815 -0.022381899045665826
0.17561037420755207 0.21982001331395665 0.000879280053255832 0.038282396626371354
-0.11469724917708557 0.16108617871533562 0.0006443447148613465 0.01974608405991555
-0.09941790057789412 -0.015115325080527469 -6.046130032211029e-05 -0.01395630242454955
0.02281688821563752 0.16108617871533562 0.0006443447148613465 0.0062651294661295095
-0.11469724917708557 -0.015115325080527469 -6.046130032211029e-05 0.04839311257171089
0.02281688821563752 -0.10321607697845901 -0.00041286430791383867 -0.039233092287898376
0.20616907140593496 -0.0738491596791485 -0.00029539663871659585 -0.010586063776103041
0.02281688821563752 0.04361850951809356 0.0001744740380723753 0.06861454446238995
-0.08413855197870267 -0.015115325080527469 -6.046130032211029e-05 0.03996751595059461
0.17561037420755207 -0.1325829942777695 -0.0005303319771110815 -0.022381899045665826
0.02281688821563752 -0.04448224237983798 -0.0001779289695193531 -0.010586063776103041
-0.11469724917708557 -0.1325829942777695 -0.0005303319771110815 -0.05439916620590767
-0.053579854780319756 -0.10321607697845901 -0.00041286430791383867 -0.039233092287898376
-0.11469724917708557 -0.10321607697845901 -0.00041286430791383867 -0.0021604671549867657
-0.08413855197870267 -0.1325829942777695 -0.0005303319771110815 -0.05102892755746116
0.0992136312115948 -0.1325829942777695 -0.0005303319771110815 -0.030807495666782102
0.02281688821563752 0.33728768251119867 0.0013491507300448034 0.07535502175928296
-0.11469724917708557 -0.0738491596791485 -0.00029539663871659585 -0.030807495666782102
-0.08413855197870267 -0.1325829942777695 -0.0005303319771110815 -0.05102892755746116
-0.11469724917708557 -0.015115325080527469 -6.046130032211029e-05 0.021431203384138807
0.20616907140593496 0.014251592218783044 5.70063688751325e-05 0.060188947841273675
-0.11469724917708557 0.014251592218783044 5.70063688751325e-05 -0.01395630242454955
-0.007741808982745391 -0.1325829942777695 -0.0005303319771110815 -0.042603330936344885
-0.11469724917708557 0.30792076521188816 0.0012316830608475606 0.05007823189593414
-0.08413855197870267 -0.1325829942777695 -0.0005303319771110815 -0.05102892755746116
0.02281688821563752 0.1317192614160251 0.0005268770456641037 0.0012097714934597445
0.06865493401321188 -0.04448224237983798 -0.0001779289695193531 0.00963536811457602
-0.09941790057789412 -0.015115325080527469 -6.046130032211029e-05 0.0062651294661295095
0.20616907140593496 -0.1325829942777695 -0.0005303319771110815 -0.019011660397219316
-0.11469724917708557 -0.1325829942777695 -0.0005303319771110815 -0.05439916620590767
0.4506386489929982 -0.1325829942777695 -0.0005303319771110815 0.007950248790352764
-0.08413855197870267 -0.015115325080527469 -6.046130032211029e-05 0.03996751595059461
0.02281688821563752 -0.0738491596791485 -0.00029539663871659585 -0.01395630242454955
-0.08413855197870267 0.5134891863070618 0.00205395674522826 0.03996751595059461
0.06865493401321188 -0.0738491596791485 -0.00029539663871659585 -0.0021604671549867657
-0.08413855197870267 -0.015115325080527469 -6.046130032211029e-05 -0.0021604671549867657
-0.08413855197870267 0.04361850951809356 0.0001744740380723753 -0.003845586479210021
0.1297723284099777 0.07298542681740407 0.0002919417072696181 0.10231693094685505
-0.11469724917708557 -0.0738491596791485 -0.00029539663871659585 0.0062651294661295095
0.02281688821563752 -0.0738491596791485 -0.00029539663871659585 -0.019011660397219316
-0.08413855197870267 0.16108617871533562 0.0006443447148613465 0.04502287392326438
0.06865493401321188 -0.10321607697845901 -0.00041286430791383867 -0.034177734315228615
0.02281688821563752 -0.015115325080527469 -6.046130032211029e-05 -0.0021604671549867657
0.1603310256083606 0.24918693061326713 0.0009967477224530749 0.05850382851705042
-0.11469724917708557 -0.04448224237983798 -0.0001779289695193531 0.060188947841273675
0.20616907140593496 -0.1325829942777695 -0.0005303319771110815 -0.019011660397219316
0.06865493401321188 -0.10321607697845901 -0.00041286430791383867 -0.034177734315228615
-0.11469724917708557 -0.1325829942777695 -0.0005303319771110815 -0.05439916620590767
0.06865493401321188 -0.015115325080527469 -6.046130032211029e-05 -0.010586063776103041
0.007537539616446064 -0.04448224237983798 -0.0001779289695193531 -0.030807495666782102
0.06865493401321188 -0.04448224237983798 -0.0001779289695193531 -0.007215825127656531
-0.1452559463754685 -0.10321607697845901 -0.00041286430791383867 -0.05102892755746116
-0.06885920337951121 0.5428561036063723 0.002171424414425503 0.07535502175928296
0.02281688821563752 -0.1325829942777695 -0.0005303319771110815 -0.039233092287898376
-0.08413855197870267 0.1317192614160251 0.0005268770456641037 -0.010586063776103041
-0.11469724917708557 0.16108617871533562 0.0006443447148613465 -0.010586063776103041
0.06865493401321188 -0.0738491596791485 -0.00029539663871659585 0.07535502175928296
-0.12997659777627704 0.24918693061326713 0.0009967477224530749 0.10231693094685505
-0.11469724917708557 0.24918693061326713 0.0009967477224530749 0.02311632270836206
-0.11469724917708557 1.042093697694651 0.00416837479077863 0.10737228891952481
-0.11469724917708557 -0.04448224237983798 -0.0001779289695193531 0.0012097714934597445
-0.08413855197870267 0.014251592218783044 5.70063688751325e-05 0.011320487438799275
0.20616907140593496 0.07298542681740407 0.0002919417072696181 0.05007823189593414
0.17561037420755207 -0.1325829942777695 -0.0005303319771110815 -0.022381899045665826
-0.11469724917708557 0.21982001331395665 0.000879280053255832 0.031541919329478335
-0.08413855197870267 0.10235234411671458 0.0004094093764668609 -0.01395630242454955
-0.11469724917708557 -0.015115325080527469 -6.046130032211029e-05 -0.039233092287898376
-0.11469724917708557 -0.10321607697845901 -0.00041286430791383867 -0.034177734315228615
-0.08413855197870267 0.07298542681740407 0.0002919417072696181 -0.0004753478307635105
0.0992136312115948 -0.10321607697845901 -0.00041286430791383867 -0.030807495666782102
-0.11469724917708557 0.07298542681740407 0.0002919417072696181 -0.010586063776103041
-0.08413855197870267 -0.04448224237983798 -0.0001779289695193531 -0.01395630242454955
-0.007741808982745391 -0.10321607697845901 -0.00041286430791383867 -0.01395630242454955
0.17561037420755207 -0.0738491596791485 -0.00029539663871659585 0.05007823189593414
0.06865493401321188 -0.0738491596791485 -0.00029539663871659585 0.0012097714934597445
-0.11469724917708557 -0.04448224237983798 -0.0001779289695193531 -0.034177734315228615
-0.11469724917708557 -0.04448224237983798 -0.0001779289695193531 -0.034177734315228615
-0.08413855197870267 0.014251592218783044 5.70063688751325e-05 0.02985680000525508
-0.11469724917708557 0.1317192614160251 0.0005268770456641037 -0.010586063776103041
-0.12997659777627704 0.24918693061326713 0.0009967477224530749 0.03996751595059461
-0.08413855197870267 -0.1325829942777695 -0.0005303319771110815 -0.05102892755746116
0.06865493401321188 -0.1325829942777695 -0.0005303319771110815 -0.034177734315228615
-0.11469724917708557 -0.10321607697845901 -0.00041286430791383867 -0.034177734315228615
0.20616907140593496 -0.10321607697845901 -0.00041286430791383867 -0.010586063776103041
0.06865493401321188 0.014251592218783044 5.70063688751325e-05 -0.0004753478307635105
-0.0383005061811283 0.10235234411671458 0.0004094093764668609 0.09220621500151552
-0.08413855197870267 -0.10321607697845901 -0.00041286430791383867 -0.05102892755746116
-0.11469724917708557 -0.10321607697845901 -0.00041286430791383867 -0.05102892755746116
-0.0383005061811283 -0.015115325080527469 -6.046130032211029e-05 0.0012097714934597445
-0.08413855197870267 -0.1325829942777695 -0.0005303319771110815 -0.05102892755746116
0.02281688821563752 -0.0738491596791485 -0.00029539663871659585 -0.03249261499100536
0.06865493401321188 -0.04448224237983798 -0.0001779289695193531 0.0062651294661295095
0.0992136312115948 -0.0738491596791485 -0.00029539663871659585 -0.0004753478307635105
-0.08413855197870267 -0.10321607697845901 -0.00041286430791383867 -0.034177734315228615
-0.08413855197870267 0.24918693061326713 0.0009967477224530749 0.08715085702884576
0.02281688821563752 -0.1325829942777695 -0.0005303319771110815 -0.039233092287898376
-0.08413855197870267 0.1317192614160251 0.0005268770456641037 -0.010586063776103041
0.17561037420755207 -0.10321607697845901 -0.00041286430791383867 -0.022381899045665826
-0.08413855197870267 -0.0738491596791485 -0.00029539663871659585 -0.030807495666782102
-0.11469724917708557 -0.10321607697845901 -0.00041286430791383867 -0.030807495666782102
0.20616907140593496 -0.0738491596791485 -0.00029539663871659585 0.09220621500151552
-0.11469724917708557 0.014251592218783044 5.70063688751325e-05 0.06861454446238995
-0.11469724917708557 -0.04448224237983798 -0.0001779289695193531 -0.030807495666782102
0.0992136312115948 -0.04448224237983798 -0.0001779289695193531 -0.010586063776103041
-0.06885920337951121 0.24918693061326713 0.0009967477224530749 0.08715085702884576
-0.11469724917708557 -0.1325829942777695 -0.0005303319771110815 -0.05439916620590767
0.06865493401321188 0.30792076521188816 0.0012316830608475606 0.10737228891952481
0.20616907140593496 -0.0738491596791485 -0.00029539663871659585 0.011320487438799275
-0.08413855197870267 -0.015115325080527469 -6.046130032211029e-05 0.01974608405991555
0.17561037420755207 -0.1325829942777695 -0.0005303319771110815 -0.022381899045665826
-0.08413855197870267 0.014251592218783044 5.70063688751325e-05 -0.034177734315228615
-0.11469724917708557 -0.1325829942777695 -0.0005303319771110815 -0.05439916620590767
-0.08413855197870267 0.33728768251119867 0.0013491507300448034 0.06187406716549693
0.20616907140593496 -0.0738491596791485 -0.00029539663871659585 0.007950248790352764
-0.08413855197870267 0.10235234411671458 0.0004094093764668609 0.02985680000525508
-0.11469724917708557 1.3063959533884457 0.005225583813553815 0.10737228891952481
-0.08413855197870267 -0.04448224237983798 -0.0001779289695193531 -0.05102892755746116
-0.11469724917708557 -0.0738491596791485 -0.00029539663871659585 -0.034177734315228615
-0.11469724917708557 0.4547553517084407 0.0018190214068337744 0.02985680000525508
0.20616907140593496 -0.1325829942777695 -0.0005303319771110815 -0.019011660397219316
-0.11469724917708557 -0.015115325080527469 -6.046130032211029e-05 -0.030807495666782102
0.06865493401321188 -0.1325829942777695 -0.0005303319771110815 -0.034177734315228615
-0.08413855197870267 0.04361850951809356 0.0001744740380723753 0.02985680000525508
0.02281688821563752 -0.1325829942777695 -0.0005303319771110815 -0.039233092287898376
-0.11469724917708557 -0.04448224237983798 -0.0001779289695193531 0.0012097714934597445
0.0992136312115948 -0.1325829942777695 -0.0005303319771110815 -0.030807495666782102
-0.11469724917708557 0.19045309601464613 0.0007618123840585892 0.02985680000525508
-0.08413855197870267 -0.04448224237983798 -0.0001779289695193531 0.011320487438799275
0.06865493401321188 0.04361850951809356 0.0001744740380723753 0.0012097714934597445
0.02281688821563752 -0.1325829942777695 -0.0005303319771110815 -0.039233092287898376
-0.08413855197870267 0.014251592218783044 5.70063688751325e-05 0.01974608405991555
-0.11469724917708557 -0.04448224237983798 -0.0001779289695193531 -0.019011660397219316
0.9548571527663162 -0.1325829942777695 -0.0005303319771110815 0.06355918648972018
0.20616907140593496 -0.1325829942777695 -0.0005303319771110815 -0.019011660397219316
-0.023021157581936846 -0.10321607697845901 -0.00041286430791383867 -0.030807495666782102
0.17561037420755207 -0.1325829942777695 -0.0005303319771110815 -0.022381899045665826
-0.007741808982745391 0.10235234411671458 0.0004094093764668609 0.0062651294661295095
-0.1452559463754685 0.6015899382049933 0.0024063597528199885 0.0702996637866132
-0.12997659777627704 0.19045309601464613 0.0007618123840585892 0.0012097714934597445
0.17561037420755207 -0.0738491596791485 -0.00029539663871659585 0.00963536811457602
0.08393428261240334 -0.015115325080527469 -6.046130032211029e-05 -0.0021604671549867657
-0.12997659777627704 0.5428561036063723 0.002171424414425503 0.07198478311083646
-0.08413855197870267 0.30792076521188816 0.0012316830608475606 0.0062651294661295095
-0.08413855197870267 0.07298542681740407 0.0002919417072696181 -0.022381899045665826
-0.08413855197870267 -0.1325829942777695 -0.0005303319771110815 -0.05102892755746116
-0.11469724917708557 -0.04448224237983798 -0.0001779289695193531 -0.01395630242454955
-0.007741808982745391 -0.04448224237983798 -0.0001779289695193531 0.0517633512201574
-0.08413855197870267 -0.1325829942777695 -0.0005303319771110815 -0.05102892755746116
0.02281688821563752 0.014251592218783044 5.70063688751325e-05 0.011320487438799275
0.06865493401321188 -0.015115325080527469 -6.046130032211029e-05 0.06692942513816669
-0.08413855197870267 0.014251592218783044 5.70063688751325e-05 0.014690726087245785
-0.11469724917708557 0.04361850951809356 0.0001744740380723753 -0.010586063776103041
0.20616907140593496 -0.10321607697845901 -0.00041286430791383867 0.08883597635306902
-0.12997659777627704 0.10235234411671458 0.0004094093764668609 0.028171680681031826
-0.11469724917708557 0.10235234411671458 0.0004094093764668609 0.06861454446238995
-0.053579854780319756 -0.0738491596791485 -0.00029539663871659585 -0.034177734315228615
-0.08413855197870267 -0.10321607697845901 -0.00041286430791383867 -0.05102892755746116
0.06865493401321188 -0.1325829942777695 -0.0005303319771110815 -0.034177734315228615
0.02281688821563752 -0.10321607697845901 -0.00041286430791383867 -0.01732654107299606
0.06865493401321188 -0.10321607697845901 -0.00041286430791383867 -0.034177734315228615
-0.11469724917708557 0.014251592218783044 5.70063688751325e-05 -0.02069677972144257
0.17561037420755207 -0.10321607697845901 -0.00041286430791383867 -0.0021604671549867657
-0.08413855197870267 -0.04448224237983798 -0.0001779289695193531 0.014690726087245785
0.06865493401321188 0.30792076521188816 0.0012316830608475606 0.060188947841273675
-0.08413855197870267 -0.1325829942777695 -0.0005303319771110815 -0.05102892755746116
0.02281688821563752 -0.1325829942777695 -0.0005303319771110815 -0.039233092287898376
-0.11469724917708557 0.19045309601464613 0.0007618123840585892 0.021431203384138807
0.20616907140593496 -0.1325829942777695 -0.0005303319771110815 -0.019011660397219316
-0.08413855197870267 0.014251592218783044 5.70063688751325e-05 0.0012097714934597445
-0.08413855197870267 -0.015115325080527469 -6.046130032211029e-05 -0.030807495666782102
-0.08413855197870267 -0.1325829942777695 -0.0005303319771110815 -0.05102892755746116
0.0992136312115948 0.27855384791257765 0.0011142153916503176 0.08883597635306902
-0.11469724917708557 0.014251592218783044 5.70063688751325e-05 -0.02069677972144257
-0.08413855197870267 -0.0738491596791485 -0.00029539663871659585 -0.030807495666782102
-0.11469724917708557 -0.1325829942777695 -0.0005303319771110815 -0.05439916620590767
0.02281688821563752 0.04361850951809356 0.0001744740380723753 0.04670799324748763
0.20616907140593496 -0.04448224237983798 -0.0001779289695193531 0.02985680000525508
0.02281688821563752 0.07298542681740407 0.0002919417072696181 0.011320487438799275
-0.11469724917708557 -0.0738491596791485 -0.00029539663871659585 -0.022381899045665826
0.0992136312115948 0.014251592218783044 5.70063688751325e-05 0.0012097714934597445
-0.11469724917708557 -0.1325829942777695 -0.0005303319771110815 -0.05439916620590767
-0.11469724917708557 -0.015115325080527469 -6.046130032211029e-05 -0.01395630242454955
0.0992136312115948 -0.10321607697845901 -0.00041286430791383867 -0.030807495666782102
-0.08413855197870267 0.24918693061326713 0.0009967477224530749 0.00963536811457602
0.0992136312115948 -0.1325829942777695 -0.0005303319771110815 -0.030807495666782102
0.06865493401321188 -0.04448224237983798 -0.0001779289695193531 -0.02069677972144257
-0.11469724917708557 -0.10321607697845901 -0.00041286430791383867 -0.039233092287898376
0.17561037420755207 -0.1325829942777695 -0.0005303319771110815 -0.022381899045665826
0.17561037420755207 0.30792076521188816 0.0012316830608475606 0.05007823189593414
0.0992136312115948 0.30792076521188816 0.0012316830608475606 0.07198478311083646
-0.11469724917708557 -0.1325829942777695 -0.0005303319771110815 -0.05439916620590767
-0.11469724917708557 -0.015115325080527469 -6.046130032211029e-05 -0.0004753478307635105
0.17561037420755207 -0.1325829942777695 -0.0005303319771110815 -0.022381899045665826
0.02281688821563752 -0.0738491596791485 -0.00029539663871659585 -0.010586063776103041
-0.11469724917708557 0.014251592218783044 5.70063688751325e-05 -0.010586063776103041
-0.11469724917708557 0.04361850951809356 0.0001744740380723753 -0.034177734315228615
0.20616907140593496 -0.10321607697845901 -0.00041286430791383867 -0.019011660397219316
-0.11469724917708557 -0.1325829942777695 -0.0005303319771110815 -0.05439916620590767
-0.08413855197870267 0.16108617871533562 0.0006443447148613465 0.10231693094685505
0.06865493401321188 -0.0738491596791485 -0.00029539663871659585 -0.005530705803433276
0.20616907140593496 -0.0738491596791485 -0.00029539663871659585 0.00963536811457602
-0.08413855197870267 0.3960215171098197 0.001584086068439289 0.05850382851705042
0.20616907140593496 -0.10321607697845901 -0.00041286430791383867 0.0062651294661295095
-0.023021157581936846 0.10235234411671458 0.0004094093764668609 0.05007823189593414
0.0992136312115948 -0.0738491596791485 -0.00029539663871659585 0.01974608405991555
0.0992136312115948 -0.0738491596791485 -0.00029539663871659585 0.0012097714934597445
0.17561037420755207 -0.0738491596791485 -0.00029539663871659585 0.0012097714934597445
-0.06885920337951121 0.16108617871533562 0.0006443447148613465 0.06861454446238995
0.17561037420755207 -0.1325829942777695 -0.0005303319771110815 -0.022381899045665826
0.06865493401321188 -0.0738491596791485 -0.00029539663871659585 -0.01395630242454955
0.20616907140593496 -0.015115325080527469 -6.046130032211029e-05 -0.0021604671549867657
0.20616907140593496 -0.1325829942777695 -0.0005303319771110815 -0.019011660397219316
-0.11469724917708557 -0.04448224237983798 -0.0001779289695193531 0.014690726087245785
0.02281688821563752 -0.1325829942777695 -0.0005303319771110815 -0.039233092287898376
0.06865493401321188 0.3666545998105092 0.0014666183992420462 0.07366990243505972
0.0992136312115948 -0.04448224237983798 -0.0001779289695193531 -0.010586063776103041
0.02281688821563752 -0.0738491596791485 -0.00029539663871659585 -0.034177734315228615
-0.08413855197870267 -0.015115325080527469 -6.046130032211029e-05 0.03996751595059461
-0.11469724917708557 0.30792076521188816 0.0012316830608475606 0.07872526040772948
-0.09941790057789412 0.24918693061326713 0.0009967477224530749 0.0012097714934597445
0.02281688821563752 -0.04448224237983798 -0.0001779289695193531 0.03996751595059461
-0.007741808982745391 0.10235234411671458 0.0004094093764668609 0.03322703865370159
-0.08413855197870267 0.07298542681740407 0.0002919417072696181 0.02311632270836206
0.0992136312115948 0.1317192614160251 0.0005268770456641037 0.09220621500151552
0.06865493401321188 -0.015115325080527469 -6.046130032211029e-05 0.02648656135680857
0.17561037420755207 -0.0738491596791485 -0.00029539663871659585 0.0012097714934597445
-0.08413855197870267 -0.015115325080527469 -6.046130032211029e-05 0.06692942513816669
-0.08413855197870267 -0.015115325080527469 -6.046130032211029e-05 -0.010586063776103041
-0.08413855197870267 -0.015115325080527469 -6.046130032211029e-05 -0.039233092287898376
-0.09941790057789412 -0.04448224237983798 -0.0001779289695193531 -0.008900944451879786
-0.08413855197870267 -0.10321607697845901 -0.00041286430791383867 -0.05102892755746116
0.20616907140593496 -0.1325829942777695 -0.0005303319771110815 -0.019011660397219316
-0.007741808982745391 0.10235234411671458 0.0004094093764668609 0.018060964735692294
0.06865493401321188 -0.0738491596791485 -0.00029539663871659585 0.02985680000525508
-0.11469724917708557 0.04361850951809356 0.0001744740380723753 -0.008900944451879786
0.0992136312115948 -0.1325829942777695 -0.0005303319771110815 -0.030807495666782102
0.20616907140593496 -0.1325829942777695 -0.0005303319771110815 -0.019011660397219316
0.02281688821563752 0.04361850951809356 0.0001744740380723753 0.004580010141906255
-0.08413855197870267 -0.015115325080527469 -6.046130032211029e-05 -0.0004753478307635105
-0.08413855197870267 -0.04448224237983798 -0.0001779289695193531 -0.034177734315228615
-0.11469724917708557 0.1317192614160251 0.0005268770456641037 0.02985680000525508
0.06865493401321188 -0.015115325080527469 -6.046130032211029e-05 -0.01395630242454955
-0.11469724917708557 0.04361850951809356 0.0001744740380723753 0.07198478311083646
0.0992136312115948 -0.015115325080527469 -6.046130032211029e-05 0.00963536811457602
-0.08413855197870267 -0.1325829942777695 -0.0005303319771110815 -0.05102892755746116
0.02281688821563752 -0.10321607697845901 -0.00041286430791383867 -0.015641421748772807
0.02281688821563752 -0.1325829942777695 -0.0005303319771110815 -0.039233092287898376
0.02281688821563752 -0.10321607697845901 -0.00041286430791383867 -0.034177734315228615
-0.08413855197870267 -0.1325829942777695 -0.0005303319771110815 -0.05102892755746116
-0.08413855197870267 -0.10321607697845901 -0.00041286430791383867 -0.007215825127656531
0.06865493401321188 0.04361850951809356 0.0001744740380723753 0.06524430581394344
0.0992136312115948 -0.1325829942777695 -0.0005303319771110815 -0.030807495666782102
-0.11469724917708557 0.014251592218783044 5.70063688751325e-05 -0.03249261499100536
-0.007741808982745391 -0.10321607697845901 -0.00041286430791383867 0.02985680000525508
0.3895212545962324 -0.0738491596791485 -0.00029539663871659585 0.05007823189593414
0.43535930039380677 -0.1325829942777695 -0.0005303319771110815 0.0062651294661295095
0.053375585414020425 0.04361850951809356 0.0001744740380723753 0.0702996637866132
-0.08413855197870267 -0.1325829942777695 -0.0005303319771110815 -0.05102892755746116
-0.11469724917708557 -0.04448224237983798 -0.0001779289695193531 -0.030807495666782102
-0.08413855197870267 0.10235234411671458 0.0004094093764668609 0.034912157977924844
0.0992136312115948 -0.1325829942777695 -0.0005303319771110815 -0.030807495666782102
-0.11469724917708557 0.21982001331395665 0.000879280053255832 -0.003845586479210021
