-0.18669103909893697 1.4754098360655676 -0.19356019584814146 0.027231107860588875 0.026803978892684762 -1.1739130434782645 0.9855649576903912 0.06045346680924337 -1.491712707182319 -0.8035828172167967 -1.5560256784359499 -0.7552272481416823 -0.45207943378568216
0.031047969785352417 1.4754098360655676 -0.19356019584814146 -0.010521904320972037 -0.007762049333578846 -1.1739130434782645 0.9855649576903912 0.0006026643305149746 -1.491712707182319 -0.4974560297056359 1.1030055442077615 0.3713548347216007 0.6139594057089396
-0.041531699842744046 1.4754098360655676 -0.19356019584814146 -0.06715142259331341 -0.02805080503160314 -1.1739130434782645 -1.030363364858136 -0.049896450260912106 -1.491712707182319 -0.34439263595005554 -1.5560256784359499 -0.7552272481416823 -0.45207943378568216
-0.029435088238061305 1.4754098360655676 0.9183813547688416 -0.010521904320972037 0.002006610817321739 -1.1739130434782645 -1.030363364858136 0.021176377682577862 3.0337078651685365 -0.8035828172167967 -1.5560256784359499 0.3713548347216007 0.6139594057089396
-0.2471740971223507 -3.1034482758620565 -1.3055017464651246 -0.04198274780560613 -0.014900685597698504 -1.1739130434782645 -1.030363364858136 0.07915684258384599 -1.491712707182319 -0.2678609390722654 -1.5560256784359499 -0.7552272481416823 -0.45207943378568216
-0.12620798107552325 -3.1034482758620565 -0.19356019584814146 -0.07344359129024022 -0.04082520676739621 -1.1739130434782645 -1.030363364858136 0.04736110376702153 -1.491712707182319 -0.34439263595005554 1.1030055442077615 -0.7552272481416823 -0.45207943378568216
0.12782086262281436 1.4754098360655676 0.9183813547688416 -0.035690579108679316 -0.027299369635380016 -1.1739130434782645 -1.030363364858136 -0.01810071144408765 -1.491712707182319 -0.4974560297056359 -1.5560256784359499 -0.7552272481416823 0.6139594057089396
0.23669036706495905 -3.1034482758620565 -1.3055017464651246 -0.035690579108679316 0.0072666585908835925 -1.1739130434782645 0.9855649576903912 -0.05363712541583263 3.0337078651685365 -0.6505194234612163 -1.5560256784359499 0.3713548347216007 -0.45207943378568216
-0.10201475786615777 -3.1034482758620565 0.9183813547688416 0.020938939163662056 -0.002502001560016992 -1.1739130434782645 0.9855649576903912 0.004343339485435499 3.0337078651685365 -0.8035828172167967 1.1030055442077615 -0.7552272481416823 -0.45207943378568216
-0.15040120428488873 -3.1034482758620565 0.9183813547688416 -0.09232009738102069 0.005763787798437349 -1.1739130434782645 0.9855649576903912 -0.05176678783837237 -1.491712707182319 -0.34439263595005554 1.1030055442077615 -0.7552272481416823 -0.45207943378568216
-0.138304592680206 1.4754098360655676 0.9183813547688416 -0.051421000850996365 0.020041060326676664 -1.1739130434782645 -1.030363364858136 0.058583129231783104 -1.491712707182319 0.11479754531668555 1.1030055442077615 -0.7552272481416823 -0.45207943378568216
0.11572425101813162 -3.1034482758620565 0.9183813547688416 -0.004229735624045218 0.020041060326676664 -1.1739130434782645 -1.030363364858136 -0.05176678783837237 -1.491712707182319 0.7270511203390071 1.1030055442077615 1.4979369175848836 -0.45207943378568216
0.1641106974368626 -3.1034482758620565 -0.19356019584814146 -0.035690579108679316 -0.014524967899586943 -1.1739130434782645 0.9855649576903912 -0.06485915088059421 -1.491712707182319 0.34439263595005615 1.1030055442077615 -0.7552272481416823 -0.45207943378568216
0.05524119299471791 1.4754098360655676 0.9183813547688416 0.027231107860588875 -0.027299369635380016 -1.1739130434782645 -1.030363364858136 0.023046715260038122 3.0337078651685365 -0.8035828172167967 -1.5560256784359499 0.3713548347216007 0.6139594057089396
-0.053628311447426795 -3.1034482758620565 -1.3055017464651246 -0.035690579108679316 -0.0021262838619054312 -1.1739130434782645 -1.030363364858136 0.023046715260038122 -1.491712707182319 0.03826584843889547 -1.5560256784359499 -0.7552272481416823 -0.45207943378568216
-0.18669103909893697 -3.1034482758620565 -0.19356019584814146 -0.11748877216872797 -0.019033580276925675 -1.1739130434782645 -1.030363364858136 0.054842454076862585 -1.491712707182319 -0.8035828172167967 -1.5560256784359499 -0.7552272481416823 -0.45207943378568216
-0.12620798107552325 1.4754098360655676 -1.3055017464651246 -0.035690579108679316 0.005012352402214227 -1.1739130434782645 -1.030363364858136 0.04362042861210101 -1.491712707182319 -0.8035828172167967 -1.5560256784359499 -0.7552272481416823 0.6139594057089396
-0.06572492305210953 1.4754098360655676 -0.19356019584814146 -0.035690579108679316 -0.023166474956152844 -1.1739130434782645 -1.030363364858136 -0.01997104902154791 -1.491712707182319 0.7270511203390071 1.1030055442077615 2.6245190004481667 0.6139594057089396
-0.23507748551766794 1.4754098360655676 0.9183813547688416 -0.035690579108679316 -0.019409297975037234 -1.1739130434782645 -1.030363364858136 -0.03680408721869027 3.0337078651685365 0.4209243328278464 1.1030055442077615 -0.7552272481416823 0.6139594057089396
-0.07782153465679228 1.4754098360655676 0.9183813547688416 -0.023106241714825677 0.009145247081441397 -1.1739130434782645 0.9855649576903912 0.03052806556987917 -1.491712707182319 -0.42092433282784575 1.1030055442077615 -0.7552272481416823 0.6139594057089396
-0.12620798107552325 1.4754098360655676 -0.19356019584814146 0.027231107860588875 -0.00550774314490948 -1.1739130434782645 0.9855649576903912 0.056712791654322844 -1.491712707182319 -0.8035828172167967 -1.5560256784359499 -0.7552272481416823 -0.45207943378568216
-0.053628311447426795 -3.1034482758620565 0.9183813547688416 -0.06715142259331341 0.0016308931192101782 -1.1739130434782645 0.9855649576903912 0.017435702527657335 -1.491712707182319 -0.8035828172167967 -1.5560256784359499 -0.7552272481416823 -0.45207943378568216
0.006854746575986928 -3.1034482758620565 0.9183813547688416 0.15307448179912525 0.029058285081354128 -1.1739130434782645 -0.022399203583872446 -0.061118475725673686 3.0337078651685365 1.7984948766280697 1.1030055442077615 -0.7552272481416823 -0.45207943378568216
-0.041531699842744046 -3.1034482758620565 0.9183813547688416 -0.004229735624045218 0.020792495722899786 -1.1739130434782645 -1.030363364858136 -0.014360036289167124 3.0337078651685365 0.11479754531668555 1.1030055442077615 -0.7552272481416823 0.6139594057089396
0.09153102780876614 -3.1034482758620565 0.9183813547688416 0.020938939163662056 0.016659601043672617 6.750000000000021 -1.030363364858136 -0.08169218907773657 -1.491712707182319 0.6505194234612168 1.1030055442077615 2.6245190004481667 -0.45207943378568216
-0.01733847663337856 1.4754098360655676 -0.19356019584814146 -0.004229735624045218 -0.0013748484656823095 6.750000000000021 0.9855649576903912 0.04362042861210101 -1.491712707182319 -0.8035828172167967 -1.5560256784359499 2.6245190004481667 -0.45207943378568216
-0.138304592680206 -3.1034482758620565 0.9183813547688416 0.0020624330728816003 0.03431833285491598 6.750000000000021 0.9855649576903912 -0.025582061753928697 3.0337078651685365 1.4923680891169089 1.1030055442077615 -0.7552272481416823 0.6139594057089396
-0.005241865028695816 -3.1034482758620565 -0.19356019584814146 0.01150068611827183 0.020416778024788227 6.750000000000021 -1.030363364858136 0.038009415879720225 -1.491712707182319 -0.8035828172167967 -1.5560256784359499 -0.7552272481416823 -0.45207943378568216
-0.138304592680206 1.4754098360655676 -0.19356019584814146 -0.004229735624045218 0.024549672704015396 -1.1739130434782645 -1.030363364858136 0.023046715260038122 -1.491712707182319 0.6505194234612168 -1.5560256784359499 0.3713548347216007 -0.45207943378568216
0.006854746575986928 1.4754098360655676 -1.3055017464651246 -0.004229735624045218 0.004636634704102666 -1.1739130434782645 -1.030363364858136 0.009954352217816287 -1.491712707182319 -0.8035828172167967 -1.5560256784359499 -0.7552272481416823 -0.45207943378568216
-0.029435088238061305 1.4754098360655676 0.9183813547688416 -0.06085925389638659 -0.007386331635467285 -1.1739130434782645 -1.030363364858136 0.0193060401051176 -1.491712707182319 -0.8035828172167967 -1.5560256784359499 0.3713548347216007 -0.45207943378568216
0.15201408583217985 1.4754098360655676 0.9183813547688416 0.09015279482985707 0.01365385945878013 -1.1739130434782645 0.9855649576903912 -0.07795151392281605 3.0337078651685365 0.34439263595005615 1.1030055442077615 2.6245190004481667 -0.45207943378568216
-0.11411136947084051 1.4754098360655676 0.9183813547688416 -0.08602792868409387 -0.015652120993921624 -1.1739130434782645 0.9855649576903912 -0.00313801082440555 3.0337078651685365 1.4923680891169089 1.1030055442077615 -0.7552272481416823 -0.45207943378568216
0.1641106974368626 1.4754098360655676 -0.19356019584814146 -0.04198274780560613 0.01027240017577608 -1.1739130434782645 -1.030363364858136 0.002473001907975237 -1.491712707182319 -0.03826584843889479 -1.5560256784359499 0.3713548347216007 0.6139594057089396
-0.10201475786615777 1.4754098360655676 0.9183813547688416 0.027231107860588875 0.023046801911569152 -1.1739130434782645 -1.030363364858136 -0.05550746299329289 3.0337078651685365 0.5739877265834268 1.1030055442077615 1.4979369175848836 0.6139594057089396
-0.07782153465679228 1.4754098360655676 0.9183813547688416 -0.004229735624045218 0.0023823285154333 6.750000000000021 0.9855649576903912 0.0006026643305149746 3.0337078651685365 -0.8035828172167967 -1.5560256784359499 1.4979369175848836 0.6139594057089396
-0.005241865028695816 1.4754098360655676 0.9183813547688416 -0.029398410411752497 0.01365385945878013 -1.1739130434782645 0.9855649576903912 -0.06298881330313394 3.0337078651685365 1.6454314828724894 1.1030055442077615 1.4979369175848836 -0.45207943378568216
0.01895135818066967 -3.1034482758620565 -1.3055017464651246 0.027231107860588875 0.016659601043672617 -1.1739130434782645 0.9855649576903912 0.006213677062895761 -1.491712707182319 0.1913292421944758 1.1030055442077615 -0.7552272481416823 -0.45207943378568216
0.05524119299471791 1.4754098360655676 0.9183813547688416 0.01150068611827183 -0.005883460843021041 -1.1739130434782645 -1.030363364858136 0.021176377682577862 -1.491712707182319 -0.42092433282784575 1.1030055442077615 -0.7552272481416823 0.6139594057089396
-0.11411136947084051 1.4754098360655676 0.9183813547688416 0.0335232765575157 0.02229536651534603 -1.1739130434782645 0.9855649576903912 -0.0050083484018658125 3.0337078651685365 -0.8035828172167967 1.1030055442077615 2.6245190004481667 0.6139594057089396
-0.15040120428488873 1.4754098360655676 -0.19356019584814146 -0.035690579108679316 -0.003629154654351675 6.750000000000021 -1.030363364858136 0.08289751773876652 -1.491712707182319 -0.19132924219447514 3.762036766851473 -0.7552272481416823 0.6139594057089396
-0.3076571551457644 1.4754098360655676 -1.3055017464651246 -0.004229735624045218 -0.017154991786367868 -1.1739130434782645 0.9855649576903912 0.09786021835844862 -1.491712707182319 -0.8035828172167967 -1.5560256784359499 -0.7552272481416823 -0.45207943378568216
0.04314458139003516 1.4754098360655676 0.9183813547688416 0.058691951345222974 0.0076423762889951535 -1.1739130434782645 0.9855649576903912 -0.07234050119043525 3.0337078651685365 -0.19132924219447514 -1.5560256784359499 -0.7552272481416823 0.6139594057089396
-0.029435088238061305 1.4754098360655676 -2.417443297082108 0.06498412004214979 0.01816247183611886 6.750000000000021 -1.030363364858136 0.05297211649940232 -1.491712707182319 0.11479754531668555 1.1030055442077615 -0.7552272481416823 0.6139594057089396
0.09153102780876614 1.4754098360655676 0.9183813547688416 -0.035690579108679316 0.006515223194660471 -1.1739130434782645 -1.030363364858136 -0.09478455211995841 3.0337078651685365 0.5739877265834268 1.1030055442077615 1.4979369175848836 0.6139594057089396
0.01895135818066967 -3.1034482758620565 0.9183813547688416 0.21599616876839345 0.014405294855003251 6.750000000000021 0.9855649576903912 -0.031193074486309487 3.0337078651685365 2.2576850578948107 3.762036766851473 1.4979369175848836 0.6139594057089396
0.11572425101813162 1.4754098360655676 -0.19356019584814146 0.027231107860588875 0.032064026666246616 -1.1739130434782645 -1.030363364858136 0.015565364950197074 -1.491712707182319 -0.8035828172167967 -1.5560256784359499 -0.7552272481416823 -0.45207943378568216
-0.15040120428488873 1.4754098360655676 0.9183813547688416 0.014646770466735239 0.024549672704015396 -1.1739130434782645 -1.030363364858136 -0.04615577510599159 3.0337078651685365 0.5739877265834268 1.1030055442077615 -0.7552272481416823 0.3474496958352842
0.12782086262281436 -3.1034482758620565 0.9183813547688416 0.058691951345222974 -0.009264920126025089 -1.1739130434782645 0.9855649576903912 -0.06672948845805447 -1.491712707182319 -0.03826584843889479 1.1030055442077615 2.6245190004481667 0.6139594057089396
0.18830392064622808 1.4754098360655676 0.9183813547688416 -0.004229735624045218 0.02717969659079632 -1.1739130434782645 0.9855649576903912 -0.07608117634535579 -1.491712707182319 1.0331779078501677 1.1030055442077615 2.6245190004481667 -0.45207943378568216
0.031047969785352417 1.4754098360655676 -0.19356019584814146 0.058691951345222974 -0.030680828918384064 -1.1739130434782645 -1.030363364858136 0.04549076618956127 -1.491712707182319 0.4209243328278464 -1.5560256784359499 -0.7552272481416823 -0.45207943378568216
0.006854746575986928 1.4754098360655676 0.9183813547688416 0.0020624330728816003 0.03882694523225471 -1.1739130434782645 -1.030363364858136 -0.03306341206376975 3.0337078651685365 0.11479754531668555 1.1030055442077615 0.3713548347216007 0.6139594057089396
0.12782086262281436 -3.1034482758620565 -0.19356019584814146 0.09015279482985707 0.04145696911903564 -1.1739130434782645 0.9855649576903912 0.002473001907975237 -1.491712707182319 -0.19132924219447514 -1.5560256784359499 -0.7552272481416823 -0.45207943378568216
0.15201408583217985 -3.1034482758620565 -0.19356019584814146 0.06498412004214979 0.01027240017577608 -1.1739130434782645 -1.030363364858136 0.041750091034640745 -1.491712707182319 -0.8035828172167967 -1.5560256784359499 0.3713548347216007 -0.45207943378568216
-0.07782153465679228 1.4754098360655676 -1.3055017464651246 -0.06715142259331341 -0.007762049333578846 -1.1739130434782645 -1.030363364858136 0.0342687407247997 -1.491712707182319 -0.03826584843889479 3.762036766851473 -0.7552272481416823 0.6139594057089396
-0.005241865028695816 -3.1034482758620565 -0.19356019584814146 -0.06715142259331341 -0.01339781480525226 -1.1739130434782645 -1.030363364858136 0.015565364950197074 -1.491712707182319 0.4209243328278464 1.1030055442077615 -0.7552272481416823 -0.45207943378568216
0.031047969785352417 1.4754098360655676 0.9183813547688416 0.0020624330728816003 -0.016027838692033187 -1.1739130434782645 -1.030363364858136 0.0342687407247997 3.0337078651685365 -0.8035828172167967 -1.5560256784359499 -0.7552272481416823 0.6139594057089396
-0.06572492305210953 -3.1034482758620565 0.9183813547688416 -0.004229735624045218 0.0072666585908835925 -1.1739130434782645 -1.030363364858136 0.024917052837498385 -1.491712707182319 -0.8035828172167967 -1.5560256784359499 -0.7552272481416823 -0.45207943378568216
0.15201408583217985 1.4754098360655676 0.9183813547688416 -0.0986122660779475 0.01853818953423042 -1.1739130434782645 0.9855649576903912 -0.04615577510599159 3.0337078651685365 -0.11479754531668496 1.1030055442077615 1.4979369175848836 -0.45207943378568216
-0.15040120428488873 -3.1034482758620565 -0.19356019584814146 -0.035690579108679316 -0.015276403295810065 -1.1739130434782645 -1.030363364858136 0.04362042861210101 -1.491712707182319 -0.8035828172167967 1.1030055442077615 -0.7552272481416823 -0.45207943378568216
0.0794344162040834 1.4754098360655676 -0.19356019584814146 0.058691951345222974 -0.002502001560016992 6.750000000000021 -1.030363364858136 -0.023711724176468437 3.0337078651685365 -0.03826584843889479 1.1030055442077615 -0.7552272481416823 -0.45207943378568216
-0.2471740971223507 1.4754098360655676 -2.417443297082108 -0.04198274780560613 -0.02542078114482221 -1.1739130434782645 0.9855649576903912 0.04549076618956127 -1.491712707182319 -0.8035828172167967 -1.5560256784359499 -0.7552272481416823 -0.45207943378568216
0.09153102780876614 1.4754098360655676 -1.3055017464651246 -0.035690579108679316 0.011775270968222324 -1.1739130434782645 0.9855649576903912 -0.08730320181011736 -1.491712707182319 0.2678609390722659 1.1030055442077615 0.3713548347216007 0.6139594057089396
-0.053628311447426795 1.4754098360655676 0.9183813547688416 0.039815445254442514 -0.018657862578814112 -1.1739130434782645 0.9855649576903912 -0.04428543752853132 3.0337078651685365 -0.11479754531668496 1.1030055442077615 -0.7552272481416823 0.6139594057089396
0.06733780459940066 -3.1034482758620565 0.9183813547688416 0.058691951345222974 0.003133763911656422 -1.1739130434782645 0.9855649576903912 0.01369502737273681 -1.491712707182319 1.1862413016057483 1.1030055442077615 1.4979369175848836 0.6139594057089396
0.10362763941344888 1.4754098360655676 0.9183813547688416 -0.004229735624045218 0.0016308931192101782 -1.1739130434782645 0.9855649576903912 -0.0050083484018658125 -1.491712707182319 0.2678609390722659 1.1030055442077615 0.3713548347216007 0.6139594057089396
-0.1624978158895715 1.4754098360655676 -0.19356019584814146 -0.004229735624045218 -0.01339781480525226 -1.1739130434782645 0.9855649576903912 0.0342687407247997 -1.491712707182319 0.7270511203390071 1.1030055442077615 -0.7552272481416823 -0.45207943378568216
0.11572425101813162 1.4754098360655676 0.9183813547688416 -0.035690579108679316 -0.0013748484656823095 -1.1739130434782645 0.9855649576903912 -0.10039556485233919 3.0337078651685365 0.8801145140945876 3.762036766851473 0.3713548347216007 -0.45207943378568216
0.04314458139003516 -3.1034482758620565 -1.3055017464651246 0.014646770466735239 0.02605254349646164 6.750000000000021 0.9855649576903912 0.004343339485435499 -1.491712707182319 -0.8035828172167967 -1.5560256784359499 1.4979369175848836 -0.45207943378568216
-0.041531699842744046 1.4754098360655676 0.9183813547688416 0.027231107860588875 0.01853818953423042 -1.1739130434782645 -1.030363364858136 0.04362042861210101 3.0337078651685365 0.4209243328278464 -1.5560256784359499 -0.7552272481416823 0.6139594057089396
-0.12620798107552325 1.4754098360655676 -0.19356019584814146 -0.035690579108679316 -0.008889202427913528 -1.1739130434782645 -1.030363364858136 0.03613907830225996 -1.491712707182319 -0.8035828172167967 -1.5560256784359499 -0.7552272481416823 -0.45207943378568216
0.13991747422749712 1.4754098360655676 0.9183813547688416 -0.06085925389638659 -0.014149250201475382 -1.1739130434782645 0.9855649576903912 -0.03306341206376975 3.0337078651685365 -0.7270511203390065 -1.5560256784359499 0.3713548347216007 -0.45207943378568216
-0.19878765070361973 1.4754098360655676 -2.417443297082108 -0.035690579108679316 -0.007010613937355724 -1.1739130434782645 -1.030363364858136 0.06045346680924337 3.0337078651685365 2.10462166413923 1.1030055442077615 -0.7552272481416823 0.6139594057089396
0.09153102780876614 -3.1034482758620565 0.9183813547688416 0.027231107860588875 0.05423137085482871 -1.1739130434782645 0.9855649576903912 0.01369502737273681 -1.491712707182319 0.11479754531668555 1.1030055442077615 -0.7552272481416823 -0.45207943378568216
-0.11411136947084051 -3.1034482758620565 -1.3055017464651246 -0.004229735624045218 -0.005883460843021041 -1.1739130434782645 0.9855649576903912 0.04736110376702153 -1.491712707182319 -0.34439263595005554 1.1030055442077615 -0.7552272481416823 -0.45207943378568216
-0.041531699842744046 1.4754098360655676 -0.19356019584814146 -0.019960157366362266 -0.0017505661637938705 6.750000000000021 0.9855649576903912 0.03052806556987917 -1.491712707182319 1.0331779078501677 1.1030055442077615 -0.7552272481416823 -0.45207943378568216
0.12782086262281436 1.4754098360655676 0.9183813547688416 -0.06715142259331341 -0.0006234130694591875 -1.1739130434782645 0.9855649576903912 0.015565364950197074 -1.491712707182319 -0.34439263595005554 -1.5560256784359499 1.4979369175848836 0.3474496958352842
0.06733780459940066 -3.1034482758620565 0.9183813547688416 0.08386062613293024 0.020792495722899786 -1.1739130434782645 0.9855649576903912 0.021176377682577862 -1.491712707182319 -0.8035828172167967 -1.5560256784359499 -0.7552272481416823 -0.45207943378568216
-0.07782153465679228 1.4754098360655676 0.9183813547688416 -0.029398410411752497 -0.010392073220359772 -1.1739130434782645 0.9855649576903912 0.06793481711908442 -1.491712707182319 -0.8035828172167967 -1.5560256784359499 -0.7552272481416823 -0.45207943378568216
0.10362763941344888 -3.1034482758620565 -0.19356019584814146 0.01150068611827183 0.0008794577229870563 -1.1739130434782645 0.9855649576903912 0.041750091034640745 -1.491712707182319 -0.8035828172167967 -1.5560256784359499 -0.7552272481416823 -0.45207943378568216
-0.005241865028695816 1.4754098360655676 0.9183813547688416 -0.023106241714825677 0.00613950549654891 -1.1739130434782645 0.9855649576903912 -0.07608117634535579 3.0337078651685365 0.8801145140945876 1.1030055442077615 0.3713548347216007 0.6139594057089396
-0.029435088238061305 1.4754098360655676 -1.3055017464651246 -0.035690579108679316 0.028306849685131006 -1.1739130434782645 -1.030363364858136 0.041750091034640745 -1.491712707182319 -0.6505194234612163 -1.5560256784359499 -0.7552272481416823 -0.45207943378568216
-0.053628311447426795 1.4754098360655676 0.9183813547688416 0.058691951345222974 -0.002502001560016992 -1.1739130434782645 0.9855649576903912 -0.0405447623736108 -1.491712707182319 1.1862413016057483 1.1030055442077615 -0.7552272481416823 0.6139594057089396
-0.12620798107552325 -3.1034482758620565 -0.19356019584814146 -0.04198274780560613 -0.002877719258128553 -1.1739130434782645 -1.030363364858136 -0.0012676732469452878 -1.491712707182319 -0.5739877265834261 1.1030055442077615 0.3713548347216007 -0.45207943378568216
0.13991747422749712 1.4754098360655676 0.9183813547688416 0.09015279482985707 -0.008137767031690406 -1.1739130434782645 0.9855649576903912 -0.021841386599008174 -1.491712707182319 0.9566462109723776 -1.5560256784359499 -0.7552272481416823 0.3474496958352842
0.09153102780876614 1.4754098360655676 -1.3055017464651246 -0.010521904320972037 -0.015652120993921624 6.750000000000021 0.9855649576903912 -0.01810071144408765 -1.491712707182319 -0.8035828172167967 -1.5560256784359499 -0.7552272481416823 -0.45207943378568216
-0.138304592680206 -3.1034482758620565 -0.19356019584814146 -0.029398410411752497 -0.013773532503363821 -1.1739130434782645 -1.030363364858136 0.02865772799241891 -1.491712707182319 -0.6505194234612163 1.1030055442077615 -0.7552272481416823 -0.45207943378568216
0.05524119299471791 1.4754098360655676 -0.19356019584814146 0.058691951345222974 -0.014149250201475382 6.750000000000021 -1.030363364858136 0.01369502737273681 -1.491712707182319 0.4209243328278464 -1.5560256784359499 -0.7552272481416823 -0.45207943378568216
0.10362763941344888 -3.1034482758620565 0.9183813547688416 0.058691951345222974 0.05911570093027901 -1.1739130434782645 0.9855649576903912 0.008084014640356024 -1.491712707182319 2.2576850578948107 1.1030055442077615 2.6245190004481667 0.6139594057089396
0.18830392064622808 1.4754098360655676 -1.3055017464651246 0.07756845743600344 -0.0017505661637938705 -1.1739130434782645 0.9855649576903912 -0.012489698711706862 -1.491712707182319 -0.8035828172167967 -1.5560256784359499 -0.7552272481416823 -0.45207943378568216
-0.029435088238061305 -3.1034482758620565 -0.19356019584814146 0.014646770466735239 -0.020160733371260356 -1.1739130434782645 0.9855649576903912 0.03613907830225996 -1.491712707182319 -0.7270511203390065 1.1030055442077615 -0.7552272481416823 -0.45207943378568216
0.15201408583217985 1.4754098360655676 0.9183813547688416 -0.019960157366362266 0.0016308931192101782 6.750000000000021 -1.030363364858136 0.024917052837498385 -1.491712707182319 -0.6505194234612163 1.1030055442077615 1.4979369175848836 0.6139594057089396
-0.10201475786615777 -3.1034482758620565 -0.19356019584814146 0.0335232765575157 -0.027299369635380016 -1.1739130434782645 0.9855649576903912 0.0193060401051176 3.0337078651685365 0.2678609390722659 3.762036766851473 -0.7552272481416823 -0.45207943378568216
0.15201408583217985 -3.1034482758620565 -0.19356019584814146 -0.051421000850996365 0.11810337953379407 -1.1739130434782645 0.9855649576903912 0.0193060401051176 -1.491712707182319 0.4209243328278464 1.1030055442077615 -0.7552272481416823 0.6139594057089396
0.12782086262281436 -3.1034482758620565 -0.19356019584814146 0.07442237308754002 0.0072666585908835925 -1.1739130434782645 -1.030363364858136 -0.00313801082440555 -1.491712707182319 -0.19132924219447514 -1.5560256784359499 -0.7552272481416823 -0.45207943378568216
-0.08991814626147503 1.4754098360655676 -0.19356019584814146 -0.07344359129024022 -0.002502001560016992 -1.1739130434782645 -1.030363364858136 0.004343339485435499 -1.491712707182319 -0.8035828172167967 -1.5560256784359499 -0.7552272481416823 -0.45207943378568216
-0.053628311447426795 -3.1034482758620565 -0.19356019584814146 -0.035690579108679316 -0.011519226314694455 -1.1739130434782645 -1.030363364858136 0.015565364950197074 -1.491712707182319 0.4209243328278464 1.1030055442077615 -0.7552272481416823 -0.45207943378568216
-0.005241865028695816 1.4754098360655676 -0.19356019584814146 -0.019960157366362266 0.008769529383329836 -1.1739130434782645 0.9855649576903912 0.004343339485435499 -1.491712707182319 -0.42092433282784575 3.762036766851473 0.3713548347216007 -0.45207943378568216
0.2729802018790073 1.4754098360655676 0.9183813547688416 -0.019960157366362266 0.020416778024788227 -1.1739130434782645 0.9855649576903912 0.023046715260038122 3.0337078651685365 -0.8035828172167967 -1.5560256784359499 2.6245190004481667 -0.45207943378568216
-0.15040120428488873 1.4754098360655676 0.9183813547688416 0.027231107860588875 -0.008889202427913528 -1.1739130434782645 -1.030363364858136 0.05297211649940232 -1.491712707182319 -0.8035828172167967 -1.5560256784359499 -0.7552272481416823 -0.45207943378568216
0.06733780459940066 1.4754098360655676 0.9183813547688416 -0.004229735624045218 0.0012551754210986172 -1.1739130434782645 -1.030363364858136 -0.010619361134246599 3.0337078651685365 0.2678609390722659 -1.5560256784359499 0.3713548347216007 0.6139594057089396
-0.041531699842744046 1.4754098360655676 0.9183813547688416 0.027231107860588875 0.01816247183611886 -1.1739130434782645 -1.030363364858136 -0.05176678783837237 3.0337078651685365 2.410748451650391 1.1030055442077615 2.6245190004481667 0.6139594057089396
-0.15040120428488873 1.4754098360655676 -2.417443297082108 0.05239978264829615 -0.0021262838619054312 -1.1739130434782645 0.9855649576903912 0.05297211649940232 -1.491712707182319 -0.19132924219447514 -1.5560256784359499 1.4979369175848836 -0.45207943378568216
-0.12620798107552325 1.4754098360655676 -1.3055017464651246 -0.035690579108679316 -0.011143508616582894 -1.1739130434782645 -1.030363364858136 0.038009415879720225 -1.491712707182319 -0.8035828172167967 -1.5560256784359499 -0.7552272481416823 -0.45207943378568216
-0.005241865028695816 -3.1034482758620565 -0.19356019584814146 0.09015279482985707 -0.018282144880702553 -1.1739130434782645 -1.030363364858136 0.024917052837498385 -1.491712707182319 -0.8035828172167967 -1.5560256784359499 0.3713548347216007 -0.45207943378568216
-0.1624978158895715 -3.1034482758620565 -1.3055017464651246 -0.01681407301789886 0.02116821342101135 -1.1739130434782645 -1.030363364858136 0.024917052837498385 -1.491712707182319 -0.8035828172167967 -1.5560256784359499 -0.7552272481416823 -0.45207943378568216
-0.029435088238061305 1.4754098360655676 0.9183813547688416 -0.019960157366362266 -0.014149250201475382 -1.1739130434782645 -1.030363364858136 0.0342687407247997 -1.491712707182319 -0.03826584843889479 -1.5560256784359499 1.4979369175848836 0.6139594057089396
0.15201408583217985 1.4754098360655676 0.9183813547688416 -0.035690579108679316 -0.004756307748686358 -1.1739130434782645 -1.030363364858136 -0.14715400428884576 -1.491712707182319 -0.03826584843889479 1.1030055442077615 -0.7552272481416823 -0.45207943378568216
-0.041531699842744046 1.4754098360655676 -0.19356019584814146 -0.0986122660779475 -0.010392073220359772 -1.1739130434782645 -1.030363364858136 -0.012489698711706862 3.0337078651685365 0.11479754531668555 1.1030055442077615 -0.7552272481416823 -0.45207943378568216
0.17620730904154536 -3.1034482758620565 -2.417443297082108 0.027231107860588875 -0.004004872352463236 -1.1739130434782645 -1.030363364858136 0.002473001907975237 -1.491712707182319 0.5739877265834268 -1.5560256784359499 1.4979369175848836 -0.45207943378568216
0.06733780459940066 1.4754098360655676 0.9183813547688416 -0.019960157366362266 0.003133763911656422 -1.1739130434782645 0.9855649576903912 -0.016230373866627387 3.0337078651685365 1.3393046953613283 1.1030055442077615 0.3713548347216007 0.6139594057089396
-0.23507748551766794 1.4754098360655676 0.9183813547688416 -0.01681407301789886 0.012150988666333885 -1.1739130434782645 0.9855649576903912 0.011824689795276549 3.0337078651685365 -0.8035828172167967 -1.5560256784359499 -0.7552272481416823 0.6139594057089396
0.06733780459940066 1.4754098360655676 -0.19356019584814146 0.027231107860588875 -0.02429362805048753 -1.1739130434782645 0.9855649576903912 0.009954352217816287 -1.491712707182319 1.4923680891169089 1.1030055442077615 -0.7552272481416823 -0.45207943378568216
-0.005241865028695816 1.4754098360655676 -0.19356019584814146 -0.035690579108679316 0.003133763911656422 -1.1739130434782645 0.9855649576903912 -0.0050083484018658125 -1.491712707182319 -0.4974560297056359 1.1030055442077615 -0.7552272481416823 0.6139594057089396
0.06733780459940066 -3.1034482758620565 -0.19356019584814146 -0.09232009738102069 0.02567682579835008 -1.1739130434782645 -1.030363364858136 0.0193060401051176 -1.491712707182319 -0.8035828172167967 -1.5560256784359499 0.3713548347216007 -0.45207943378568216
-0.029435088238061305 1.4754098360655676 0.9183813547688416 -0.07344359129024022 -0.006259178541132602 6.750000000000021 -1.030363364858136 -0.0050083484018658125 -1.491712707182319 -0.7270511203390065 -1.5560256784359499 2.6245190004481667 0.6139594057089396
0.031047969785352417 1.4754098360655676 0.9183813547688416 0.058691951345222974 0.00989668247766452 -1.1739130434782645 0.9855649576903912 -0.07047016361297499 3.0337078651685365 -0.34439263595005554 1.1030055442077615 0.3713548347216007 0.3474496958352842
-0.005241865028695816 1.4754098360655676 -0.19356019584814146 0.058691951345222974 -0.006634896239244163 -1.1739130434782645 0.9855649576903912 0.02865772799241891 -1.491712707182319 0.4209243328278464 -1.5560256784359499 -0.7552272481416823 0.6139594057089396
0.11572425101813162 1.4754098360655676 0.9183813547688416 0.042961529602905925 -0.014149250201475382 -1.1739130434782645 0.9855649576903912 -0.03306341206376975 -1.491712707182319 0.7270511203390071 1.1030055442077615 1.4979369175848836 0.3474496958352842
0.06733780459940066 -3.1034482758620565 -0.19356019584814146 -0.035690579108679316 -0.026923651937268454 6.750000000000021 -1.030363364858136 -0.10039556485233919 -1.491712707182319 -0.8035828172167967 -1.5560256784359499 -0.7552272481416823 -0.45207943378568216
0.17620730904154536 1.4754098360655676 -0.19356019584814146 0.027231107860588875 0.0016308931192101782 -1.1739130434782645 0.9855649576903912 -0.006878685979326075 -1.491712707182319 0.7270511203390071 1.1030055442077615 2.6245190004481667 0.6139594057089396
0.11572425101813162 1.4754098360655676 -2.417443297082108 -0.06715142259331341 -0.014524967899586943 -1.1739130434782645 0.9855649576903912 -0.010619361134246599 3.0337078651685365 0.5739877265834268 1.1030055442077615 -0.7552272481416823 -0.45207943378568216
-0.01733847663337856 1.4754098360655676 0.9183813547688416 -0.026252326063289085 0.012150988666333885 -1.1739130434782645 -1.030363364858136 -0.10226590242979945 3.0337078651685365 0.7270511203390071 1.1030055442077615 1.4979369175848836 0.6139594057089396
0.06733780459940066 1.4754098360655676 0.9183813547688416 0.042961529602905925 0.012150988666333885 -1.1739130434782645 0.9855649576903912 -0.014360036289167124 3.0337078651685365 1.3393046953613283 1.1030055442077615 1.4979369175848836 0.6139594057089396
-0.17459442749425425 1.4754098360655676 -2.417443297082108 0.027231107860588875 -0.019033580276925675 -1.1739130434782645 -1.030363364858136 0.05297211649940232 3.0337078651685365 0.2678609390722659 -1.5560256784359499 -0.7552272481416823 0.6139594057089396
0.13991747422749712 -3.1034482758620565 0.9183813547688416 0.14678231310219844 -0.008137767031690406 6.750000000000021 -1.030363364858136 0.02865772799241891 3.0337078651685365 -0.03826584843889479 1.1030055442077615 1.4979369175848836 0.6139594057089396
-0.1624978158895715 -3.1034482758620565 -1.3055017464651246 -0.004229735624045218 -0.017154991786367868 -1.1739130434782645 0.9855649576903912 0.041750091034640745 -1.491712707182319 0.2678609390722659 -1.5560256784359499 -0.7552272481416823 -0.45207943378568216
-0.01733847663337856 -3.1034482758620565 0.9183813547688416 -0.004229735624045218 0.005388070100325788 -1.1739130434782645 0.9855649576903912 -0.012489698711706862 -1.491712707182319 -0.4974560297056359 1.1030055442077615 -0.7552272481416823 -0.45207943378568216
0.04314458139003516 1.4754098360655676 -0.19356019584814146 0.027231107860588875 -0.014524967899586943 6.750000000000021 0.9855649576903912 0.02865772799241891 -1.491712707182319 -0.8035828172167967 -1.5560256784359499 -0.7552272481416823 -0.45207943378568216
0.26088359027432456 -3.1034482758620565 -0.19356019584814146 0.027231107860588875 -0.019785015673148797 -1.1739130434782645 -0.022399203583872446 -0.06298881330313394 -1.491712707182319 0.03826584843889547 1.1030055442077615 -0.7552272481416823 -0.45207943378568216
0.09153102780876614 -3.1034482758620565 0.9183813547688416 0.058691951345222974 -0.0021262838619054312 -1.1739130434782645 -1.030363364858136 0.008084014640356024 3.0337078651685365 0.2678609390722659 1.1030055442077615 -0.7552272481416823 -0.45207943378568216
0.13991747422749712 1.4754098360655676 0.9183813547688416 -0.035690579108679316 0.019665342628565105 -1.1739130434782645 0.9855649576903912 0.002473001907975237 -1.491712707182319 -0.4974560297056359 1.1030055442077615 -0.7552272481416823 -0.45207943378568216
0.11572425101813162 -3.1034482758620565 0.9183813547688416 0.15307448179912525 0.028306849685131006 -1.1739130434782645 -1.030363364858136 0.008084014640356024 3.0337078651685365 -0.8035828172167967 -1.5560256784359499 -0.7552272481416823 -0.45207943378568216
-0.11411136947084051 -3.1034482758620565 -1.3055017464651246 -0.06085925389638659 -0.03368657050327655 -1.1739130434782645 -1.030363364858136 -0.021841386599008174 -1.491712707182319 -0.8035828172167967 1.1030055442077615 -0.7552272481416823 -0.45207943378568216
-0.08991814626147503 1.4754098360655676 0.9183813547688416 -0.06085925389638659 -0.017154991786367868 -1.1739130434782645 -1.030363364858136 -0.012489698711706862 -1.491712707182319 -0.7270511203390065 -1.5560256784359499 -0.7552272481416823 -0.45207943378568216
-0.17459442749425425 1.4754098360655676 0.9183813547688416 -0.06715142259331341 -0.031056546616495626 -1.1739130434782645 0.9855649576903912 -0.06672948845805447 3.0337078651685365 0.7270511203390071 1.1030055442077615 -0.7552272481416823 0.6139594057089396
0.031047969785352417 1.4754098360655676 -0.19356019584814146 0.058691951345222974 -0.04646097223906962 6.750000000000021 -1.030363364858136 0.04362042861210101 -1.491712707182319 -0.6505194234612163 -1.5560256784359499 0.3713548347216007 0.6139594057089396
-0.17459442749425425 1.4754098360655676 0.9183813547688416 0.06498412004214979 -0.010016355522248211 -1.1739130434782645 -1.030363364858136 0.058583129231783104 -1.491712707182319 -0.8035828172167967 -1.5560256784359499 -0.7552272481416823 0.6139594057089396
0.01895135818066967 1.4754098360655676 -2.417443297082108 -0.035690579108679316 -0.02128788646559504 -1.1739130434782645 0.9855649576903912 0.023046715260038122 -1.491712707182319 0.6505194234612168 1.1030055442077615 -0.7552272481416823 0.6139594057089396
0.10362763941344888 1.4754098360655676 0.9183813547688416 -0.004229735624045218 0.03018543817568881 6.750000000000021 0.9855649576903912 -0.03306341206376975 3.0337078651685365 0.5739877265834268 -1.5560256784359499 2.6245190004481667 0.6139594057089396
0.11572425101813162 1.4754098360655676 0.9183813547688416 -0.010521904320972037 0.005012352402214227 -1.1739130434782645 -1.030363364858136 -0.08356252665519683 3.0337078651685365 -0.6505194234612163 1.1030055442077615 0.3713548347216007 0.6139594057089396
-0.005241865028695816 1.4754098360655676 0.9183813547688416 0.027231107860588875 -0.004004872352463236 -1.1739130434782645 -1.030363364858136 0.0193060401051176 -1.491712707182319 0.11479754531668555 -1.5560256784359499 -0.7552272481416823 -0.45207943378568216
0.04314458139003516 -3.1034482758620565 0.9183813547688416 -0.0986122660779475 -0.0006234130694591875 -1.1739130434782645 0.9855649576903912 -0.05176678783837237 -1.491712707182319 -0.03826584843889479 1.1030055442077615 -0.7552272481416823 -0.45207943378568216
0.04314458139003516 1.4754098360655676 0.9183813547688416 0.046107613951369336 -0.011894944012806016 -1.1739130434782645 -1.030363364858136 -0.08356252665519683 -1.491712707182319 0.7270511203390071 1.1030055442077615 0.3713548347216007 0.6139594057089396
0.10362763941344888 -3.1034482758620565 0.9183813547688416 -0.07344359129024022 0.0072666585908835925 -1.1739130434782645 -1.030363364858136 0.03613907830225996 3.0337078651685365 0.5739877265834268 1.1030055442077615 1.4979369175848836 -0.45207943378568216
0.10362763941344888 -3.1034482758620565 -1.3055017464651246 0.027231107860588875 -0.02053645106937192 -1.1739130434782645 -1.030363364858136 0.054842454076862585 -1.491712707182319 -0.8035828172167967 -1.5560256784359499 1.4979369175848836 -0.45207943378568216
0.01895135818066967 1.4754098360655676 -0.19356019584814146 -0.004229735624045218 0.0023823285154333 6.750000000000021 0.9855649576903912 -0.014360036289167124 3.0337078651685365 -0.34439263595005554 1.1030055442077615 0.3713548347216007 0.3474496958352842
-0.11411136947084051 -3.1034482758620565 0.9183813547688416 0.020938939163662056 -0.005132025446797919 -1.1739130434782645 0.9855649576903912 0.004343339485435499 3.0337078651685365 -0.6505194234612163 1.1030055442077615 -0.7552272481416823 -0.45207943378568216
-0.138304592680206 1.4754098360655676 0.9183813547688416 -0.06715142259331341 -0.014524967899586943 -1.1739130434782645 -1.030363364858136 0.021176377682577862 -1.491712707182319 -0.8035828172167967 -1.5560256784359499 -0.7552272481416823 0.6139594057089396
-0.029435088238061305 1.4754098360655676 -1.3055017464651246 0.00835460176980842 -0.018282144880702553 -1.1739130434782645 -1.030363364858136 0.015565364950197074 -1.491712707182319 -0.19132924219447514 -1.5560256784359499 0.3713548347216007 -0.45207943378568216
0.11572425101813162 1.4754098360655676 -0.19356019584814146 -0.019960157366362266 0.02229536651534603 -1.1739130434782645 -1.030363364858136 -0.034933749641230014 3.0337078651685365 0.5739877265834268 1.1030055442077615 -0.7552272481416823 0.6139594057089396
0.18830392064622808 1.4754098360655676 -0.19356019584814146 0.09015279482985707 0.0072666585908835925 -1.1739130434782645 -1.030363364858136 -0.07047016361297499 3.0337078651685365 1.4158363922391186 1.1030055442077615 0.3713548347216007 0.6139594057089396
0.0794344162040834 1.4754098360655676 0.9183813547688416 0.020938939163662056 -0.03143226431460719 -1.1739130434782645 0.9855649576903912 -0.04615577510599159 3.0337078651685365 1.9515582703836503 1.1030055442077615 0.3713548347216007 -0.45207943378568216
-0.005241865028695816 1.4754098360655676 0.9183813547688416 -0.06715142259331341 -0.016403556390144746 -1.1739130434782645 0.9855649576903912 -0.07795151392281605 3.0337078651685365 -0.8035828172167967 1.1030055442077615 0.3713548347216007 -0.45207943378568216
-0.005241865028695816 1.4754098360655676 0.9183813547688416 -0.035690579108679316 -0.023166474956152844 -1.1739130434782645 -1.030363364858136 -0.06859982603551473 -1.491712707182319 0.2678609390722659 1.1030055442077615 0.3713548347216007 0.6139594057089396
0.06733780459940066 1.4754098360655676 0.9183813547688416 -0.04512883215406954 -0.007386331635467285 6.750000000000021 -1.030363364858136 0.0193060401051176 3.0337078651685365 0.2678609390722659 -1.5560256784359499 1.4979369175848836 0.6139594057089396
-0.10201475786615777 1.4754098360655676 -0.19356019584814146 0.058691951345222974 -0.007010613937355724 -1.1739130434782645 -1.030363364858136 -0.0050083484018658125 -1.491712707182319 1.9515582703836503 1.1030055442077615 -0.7552272481416823 -0.45207943378568216
0.09153102780876614 -3.1034482758620565 0.9183813547688416 0.09015279482985707 -0.03218369971083031 -1.1739130434782645 0.9855649576903912 -0.008749023556786337 -1.491712707182319 3.9413823892061948 3.762036766851473 2.6245190004481667 0.6139594057089396
-0.12620798107552325 1.4754098360655676 -1.3055017464651246 -0.004229735624045218 -0.011519226314694455 -1.1739130434782645 0.9855649576903912 0.07167549227400495 -1.491712707182319 -0.8035828172167967 -1.5560256784359499 -0.7552272481416823 -0.45207943378568216
0.0794344162040834 -3.1034482758620565 0.9183813547688416 0.042961529602905925 0.021543931119122908 -1.1739130434782645 0.9855649576903912 -0.006878685979326075 3.0337078651685365 -0.03826584843889479 1.1030055442077615 -0.7552272481416823 0.6139594057089396
0.04314458139003516 1.4754098360655676 -0.19356019584814146 0.0020624330728816003 -0.00964063782413665 -1.1739130434782645 0.9855649576903912 0.04362042861210101 -1.491712707182319 1.6454314828724894 -1.5560256784359499 1.4979369175848836 0.6139594057089396
0.04314458139003516 1.4754098360655676 -0.19356019584814146 -0.06085925389638659 -0.007386331635467285 -1.1739130434782645 0.9855649576903912 0.02865772799241891 -1.491712707182319 1.109709604727958 1.1030055442077615 0.3713548347216007 0.6139594057089396
-0.15040120428488873 1.4754098360655676 -1.3055017464651246 -0.035690579108679316 0.017035318741784176 -1.1739130434782645 -1.030363364858136 0.023046715260038122 -1.491712707182319 -0.8035828172167967 -1.5560256784359499 -0.7552272481416823 -0.45207943378568216
0.04314458139003516 1.4754098360655676 -1.3055017464651246 -0.035690579108679316 0.012902424062557007 -1.1739130434782645 0.9855649576903912 0.0193060401051176 -1.491712707182319 0.5739877265834268 1.1030055442077615 -0.7552272481416823 -0.45207943378568216
0.031047969785352417 1.4754098360655676 0.9183813547688416 0.10588321657217412 0.014781012553114812 6.750000000000021 0.9855649576903912 -0.048026112683451846 -1.491712707182319 -0.03826584843889479 1.1030055442077615 2.6245190004481667 0.6139594057089396
0.05524119299471791 1.4754098360655676 0.9183813547688416 0.12161363831449117 0.028682567383242565 -1.1739130434782645 0.9855649576903912 -0.01810071144408765 3.0337078651685365 1.7984948766280697 3.762036766851473 -0.7552272481416823 0.6139594057089396
-0.005241865028695816 1.4754098360655676 0.9183813547688416 -0.06715142259331341 -0.004004872352463236 -1.1739130434782645 -1.030363364858136 -0.04428543752853132 3.0337078651685365 1.3393046953613283 1.1030055442077615 0.3713548347216007 0.6139594057089396
-0.041531699842744046 1.4754098360655676 -2.417443297082108 -0.019960157366362266 -0.013773532503363821 -1.1739130434782645 0.9855649576903912 -0.04615577510599159 3.0337078651685365 0.2678609390722659 -1.5560256784359499 0.3713548347216007 -0.45207943378568216
-0.08991814626147503 1.4754098360655676 0.9183813547688416 -0.06715142259331341 0.009520964779552958 -1.1739130434782645 0.9855649576903912 -0.05924813814821342 3.0337078651685365 -0.03826584843889479 1.1030055442077615 0.3713548347216007 -0.45207943378568216
-0.12620798107552325 1.4754098360655676 0.9183813547688416 -0.06715142259331341 -0.019785015673148797 -1.1739130434782645 0.9855649576903912 0.05110177892194206 -1.491712707182319 -0.8035828172167967 -1.5560256784359499 0.3713548347216007 -0.45207943378568216
0.18830392064622808 1.4754098360655676 0.9183813547688416 0.042961529602905925 -0.028426522729714698 -1.1739130434782645 -1.030363364858136 -0.04615577510599159 3.0337078651685365 1.1862413016057483 3.762036766851473 -0.7552272481416823 0.6139594057089396
0.04314458139003516 -3.1034482758620565 -0.19356019584814146 -0.035690579108679316 0.03394261515680442 -1.1739130434782645 -1.030363364858136 0.041750091034640745 -1.491712707182319 -0.8035828172167967 -1.5560256784359499 -0.7552272481416823 -0.45207943378568216
0.031047969785352417 1.4754098360655676 -1.3055017464651246 -0.023106241714825677 0.004260917005991105 -1.1739130434782645 -1.030363364858136 -0.016230373866627387 -1.491712707182319 -0.5739877265834261 -1.5560256784359499 -0.7552272481416823 0.6139594057089396
0.031047969785352417 1.4754098360655676 0.9183813547688416 0.06498412004214979 0.009145247081441397 -1.1739130434782645 -1.030363364858136 -0.11535826547202128 3.0337078651685365 0.11479754531668555 1.1030055442077615 0.3713548347216007 0.6139594057089396
-0.029435088238061305 1.4754098360655676 -0.19356019584814146 0.127905807011418 -0.019033580276925675 6.750000000000021 -1.030363364858136 0.023046715260038122 -1.491712707182319 -0.42092433282784575 -1.5560256784359499 -0.7552272481416823 0.6139594057089396
-0.041531699842744046 -3.1034482758620565 -0.19356019584814146 0.027231107860588875 0.02191964881723447 -1.1739130434782645 0.9855649576903912 -0.014360036289167124 -1.491712707182319 0.34439263595005615 -1.5560256784359499 0.3713548347216007 -0.45207943378568216
0.11572425101813162 -3.1034482758620565 -0.19356019584814146 0.027231107860588875 0.023798237307792274 -1.1739130434782645 -1.030363364858136 -0.031193074486309487 -1.491712707182319 -0.6505194234612163 -1.5560256784359499 -0.7552272481416823 0.6139594057089396
0.12782086262281436 1.4754098360655676 0.9183813547688416 0.01150068611827183 0.0016308931192101782 -1.1739130434782645 0.9855649576903912 -0.04241509995107106 -1.491712707182319 1.3393046953613283 1.1030055442077615 0.3713548347216007 0.6139594057089396
0.1641106974368626 1.4754098360655676 -0.19356019584814146 0.15307448179912525 0.009145247081441397 6.750000000000021 0.9855649576903912 0.0006026643305149746 3.0337078651685365 0.4209243328278464 1.1030055442077615 -0.7552272481416823 0.6139594057089396
-0.21088426230830246 -3.1034482758620565 -0.19356019584814146 -0.035690579108679316 -0.013022097107140699 -1.1739130434782645 -1.030363364858136 0.038009415879720225 -1.491712707182319 -0.8035828172167967 -1.5560256784359499 -0.7552272481416823 -0.45207943378568216
0.05524119299471791 1.4754098360655676 -1.3055017464651246 0.027231107860588875 -0.010767790918471333 -1.1739130434782645 -1.030363364858136 0.02678739041495865 3.0337078651685365 -0.8035828172167967 -1.5560256784359499 -0.7552272481416823 -0.45207943378568216
-0.041531699842744046 -3.1034482758620565 -0.19356019584814146 -0.004229735624045218 0.0023823285154333 -1.1739130434782645 0.9855649576903912 -0.0012676732469452878 -1.491712707182319 -0.42092433282784575 -1.5560256784359499 -0.7552272481416823 -0.45207943378568216
0.15201408583217985 1.4754098360655676 0.9183813547688416 -0.035690579108679316 -0.007762049333578846 -1.1739130434782645 0.9855649576903912 -0.03867442479615053 3.0337078651685365 1.1862413016057483 1.1030055442077615 1.4979369175848836 0.6139594057089396
0.05524119299471791 1.4754098360655676 -0.19356019584814146 -0.01681407301789886 -0.011894944012806016 6.750000000000021 -1.030363364858136 -0.029322736908849224 -1.491712707182319 0.8801145140945876 1.1030055442077615 0.3713548347216007 0.3474496958352842
-0.053628311447426795 1.4754098360655676 -0.19356019584814146 0.027231107860588875 -0.006259178541132602 -1.1739130434782645 -1.030363364858136 0.024917052837498385 -1.491712707182319 -0.34439263595005554 1.1030055442077615 0.3713548347216007 0.6139594057089396
0.05524119299471791 1.4754098360655676 0.9183813547688416 0.020938939163662056 0.008018093987106715 -1.1739130434782645 0.9855649576903912 0.06045346680924337 -1.491712707182319 -0.8035828172167967 -1.5560256784359499 -0.7552272481416823 -0.45207943378568216
-0.053628311447426795 1.4754098360655676 -0.19356019584814146 -0.007375819972508628 -0.020160733371260356 -1.1739130434782645 -1.030363364858136 0.024917052837498385 -1.491712707182319 -0.8035828172167967 -1.5560256784359499 -0.7552272481416823 -0.45207943378568216
-0.01733847663337856 1.4754098360655676 -0.19356019584814146 -0.004229735624045218 -0.019785015673148797 6.750000000000021 0.9855649576903912 0.004343339485435499 -1.491712707182319 0.11479754531668555 3.762036766851473 -0.7552272481416823 -0.45207943378568216
0.17620730904154536 1.4754098360655676 -2.417443297082108 0.09015279482985707 -0.005883460843021041 6.750000000000021 0.9855649576903912 -0.034933749641230014 -1.491712707182319 -0.7270511203390065 1.1030055442077615 0.3713548347216007 -0.45207943378568216
0.05524119299471791 1.4754098360655676 -2.417443297082108 0.14678231310219844 0.0076423762889951535 -1.1739130434782645 0.9855649576903912 -0.008749023556786337 -1.491712707182319 2.410748451650391 3.762036766851473 -0.7552272481416823 0.6139594057089396
0.04314458139003516 -3.1034482758620565 -2.417443297082108 0.058691951345222974 0.012526706364445446 6.750000000000021 0.9855649576903912 0.023046715260038122 -1.491712707182319 -0.03826584843889479 -1.5560256784359499 -0.7552272481416823 -0.45207943378568216
-0.01733847663337856 1.4754098360655676 0.9183813547688416 0.027231107860588875 -0.01753070948447943 6.750000000000021 0.9855649576903912 0.009954352217816287 3.0337078651685365 1.5688997859946994 3.762036766851473 -0.7552272481416823 0.6139594057089396
0.01895135818066967 1.4754098360655676 -1.3055017464651246 -0.035690579108679316 -0.005132025446797919 -1.1739130434782645 -1.030363364858136 0.05297211649940232 -1.491712707182319 -0.19132924219447514 -1.5560256784359499 -0.7552272481416823 -0.45207943378568216
0.09153102780876614 1.4754098360655676 -0.19356019584814146 -0.004229735624045218 -0.007010613937355724 -1.1739130434782645 -1.030363364858136 -0.006878685979326075 -1.491712707182319 0.5739877265834268 1.1030055442077615 2.6245190004481667 0.6139594057089396
-0.06572492305210953 -3.1034482758620565 -1.3055017464651246 0.00835460176980842 0.008018093987106715 -1.1739130434782645 -1.030363364858136 0.023046715260038122 -1.491712707182319 -0.8035828172167967 1.1030055442077615 -0.7552272481416823 -0.45207943378568216
0.01895135818066967 -3.1034482758620565 0.9183813547688416 0.00835460176980842 0.059867136326502125 -1.1739130434782645 0.9855649576903912 0.0006026643305149746 3.0337078651685365 0.6505194234612168 1.1030055442077615 1.4979369175848836 0.6139594057089396
0.01895135818066967 1.4754098360655676 0.9183813547688416 0.0020624330728816003 -0.024669345748599088 -1.1739130434782645 0.9855649576903912 -0.08356252665519683 3.0337078651685365 0.8035828172167974 1.1030055442077615 0.3713548347216007 0.3474496958352842
-0.21088426230830246 1.4754098360655676 -0.19356019584814146 -0.004229735624045218 0.0001280223267639344 -1.1739130434782645 -1.030363364858136 0.06980515469654468 -1.491712707182319 1.8750265735058598 3.762036766851473 -0.7552272481416823 -0.45207943378568216
0.01895135818066967 1.4754098360655676 0.9183813547688416 -0.004229735624045218 0.012526706364445446 6.750000000000021 0.9855649576903912 -0.08730320181011736 3.0337078651685365 0.4209243328278464 3.762036766851473 -0.7552272481416823 0.6139594057089396
0.06733780459940066 1.4754098360655676 0.9183813547688416 -0.004229735624045218 -0.016403556390144746 -1.1739130434782645 0.9855649576903912 -0.03306341206376975 3.0337078651685365 1.0331779078501677 1.1030055442077615 1.4979369175848836 0.6139594057089396
0.20040053225091084 -3.1034482758620565 0.9183813547688416 -0.06085925389638659 -0.037819465182503724 -1.1739130434782645 -1.030363364858136 -0.04615577510599159 -1.491712707182319 0.4209243328278464 1.1030055442077615 -0.7552272481416823 -0.45207943378568216
-0.07782153465679228 1.4754098360655676 -0.19356019584814146 -0.023106241714825677 0.002006610817321739 6.750000000000021 -1.030363364858136 0.04736110376702153 -1.491712707182319 -0.8035828172167967 -1.5560256784359499 1.4979369175848836 -0.45207943378568216
0.20040053225091084 -3.1034482758620565 -1.3055017464651246 0.09015279482985707 0.019665342628565105 -1.1739130434782645 -1.030363364858136 0.023046715260038122 -1.491712707182319 -0.4974560297056359 -1.5560256784359499 1.4979369175848836 -0.45207943378568216
-0.10201475786615777 -3.1034482758620565 -1.3055017464651246 -0.08288184433563045 -0.017154991786367868 -1.1739130434782645 -1.030363364858136 0.041750091034640745 -1.491712707182319 -0.8035828172167967 -1.5560256784359499 -0.7552272481416823 -0.45207943378568216
0.15201408583217985 -3.1034482758620565 0.9183813547688416 -0.07973575998716705 -0.010016355522248211 -1.1739130434782645 -1.030363364858136 -0.014360036289167124 -1.491712707182319 -0.5739877265834261 -1.5560256784359499 1.4979369175848836 -0.45207943378568216
-0.15040120428488873 1.4754098360655676 -0.19356019584814146 -0.004229735624045218 -0.02617221654104533 -1.1739130434782645 -1.030363364858136 0.0006026643305149746 -1.491712707182319 -0.8035828172167967 -1.5560256784359499 -0.7552272481416823 -0.45207943378568216
-0.005241865028695816 -3.1034482758620565 -0.19356019584814146 -0.07344359129024022 0.006515223194660471 -1.1739130434782645 0.9855649576903912 0.03239840314733943 -1.491712707182319 -0.8035828172167967 -1.5560256784359499 -0.7552272481416823 -0.45207943378568216
0.0794344162040834 -3.1034482758620565 0.9183813547688416 -0.004229735624045218 0.03018543817568881 -1.1739130434782645 0.9855649576903912 0.03613907830225996 -1.491712707182319 -0.8035828172167967 -1.5560256784359499 -0.7552272481416823 -0.45207943378568216
0.04314458139003516 1.4754098360655676 -0.19356019584814146 -0.08288184433563045 -0.003629154654351675 -1.1739130434782645 0.9855649576903912 0.008084014640356024 3.0337078651685365 -0.34439263595005554 1.1030055442077615 -0.7552272481416823 0.6139594057089396
0.09153102780876614 -3.1034482758620565 -0.19356019584814146 -0.004229735624045218 0.005012352402214227 -1.1739130434782645 -1.030363364858136 -0.09852522727487893 -1.491712707182319 0.11479754531668555 1.1030055442077615 0.3713548347216007 0.6139594057089396
0.04314458139003516 1.4754098360655676 0.9183813547688416 -0.010521904320972037 -0.012646379409029138 -1.1739130434782645 0.9855649576903912 -0.034933749641230014 3.0337078651685365 0.8801145140945876 1.1030055442077615 2.6245190004481667 0.6139594057089396
-0.01733847663337856 -3.1034482758620565 0.9183813547688416 0.020938939163662056 -0.005883460843021041 -1.1739130434782645 0.9855649576903912 0.0193060401051176 -1.491712707182319 -0.8035828172167967 -1.5560256784359499 -0.7552272481416823 -0.45207943378568216
-0.18669103909893697 1.4754098360655676 0.9183813547688416 -0.04198274780560613 -0.011519226314694455 -1.1739130434782645 -1.030363364858136 -0.01810071144408765 -1.491712707182319 0.11479754531668555 1.1030055442077615 -0.7552272481416823 0.6139594057089396
-0.23507748551766794 -3.1034482758620565 0.9183813547688416 0.020938939163662056 -0.02504506344671065 -1.1739130434782645 -1.030363364858136 0.06045346680924337 -1.491712707182319 0.2678609390722659 -1.5560256784359499 -0.7552272481416823 -0.45207943378568216
-0.12620798107552325 1.4754098360655676 0.9183813547688416 -0.06085925389638659 0.015156730251226373 -1.1739130434782645 0.9855649576903912 0.006213677062895761 -1.491712707182319 -0.8035828172167967 -1.5560256784359499 0.3713548347216007 -0.45207943378568216
0.031047969785352417 -3.1034482758620565 0.9183813547688416 -0.010521904320972037 0.020041060326676664 -1.1739130434782645 0.9855649576903912 0.017435702527657335 -1.491712707182319 -0.8035828172167967 -1.5560256784359499 0.3713548347216007 -0.45207943378568216
