0.030451193668725136 -0.2710858228379895 -0.07814387567024803
-0.08989282263830294 0.5840921337437097 -0.05873476369370915
0.04764319599830057 0.3940525878366654 -0.07814387567024803
0.039047194833512856 0.013973496022576904 -0.07814387567024803
0.02185519250393742 -0.46112536874503374 -0.07814387567024803
0.013259191339149698 -0.2710858228379895 0.13535635607167962
-0.11568082613266609 0.013973496022576904 -0.0005074277640925178
0.06483519832787601 0.3940525878366654 -0.03932565171717027
-0.029720814484788898 -0.08104627693094522 -0.05873476369370915
0.0562391971630883 0.3940525878366654 -0.019916539740631397
-0.029720814484788898 0.3940525878366654 -0.05873476369370915
0.039047194833512856 -0.17606604988446736 0.01890168421244636
0.10781520415181461 0.3940525878366654 -0.05873476369370915
-0.19304483661575556 0.10899326897609904 -0.05873476369370915
0.013259191339149698 0.48907236079018757 0.057719908165524116
-0.05550881797915205 -0.08104627693094522 0.01890168421244636
-0.021124813320001178 -0.46112536874503374 -0.05873476369370915
0.0562391971630883 0.10899326897609904 -0.07814387567024803
-0.012528812155213459 0.2990328148831433 -0.05873476369370915
-0.046912816814364336 0.013973496022576904 0.3682656997901462
0.02185519250393742 0.013973496022576904 0.03831079618898524
0.12500720648139005 0.2990328148831433 -0.07814387567024803
-0.00393281099042574 -0.08104627693094522 -0.07814387567024803
-0.029720814484788898 -0.17606604988446736 -0.05873476369370915
0.004663190174361979 0.013973496022576904 -0.07814387567024803
0.004663190174361979 -0.46112536874503374 -0.05873476369370915
-0.1242768272974538 -0.2710858228379895 -0.05873476369370915
0.1507952099757532 -0.46112536874503374 -0.07814387567024803
-0.1242768272974538 0.2990328148831433 -0.07814387567024803
-0.08129682147351522 0.10899326897609904 -0.03932565171717027
-0.09848882380309065 -0.46112536874503374 -0.07814387567024803
-0.08989282263830294 -0.46112536874503374 -0.07814387567024803
-0.021124813320001178 -0.17606604988446736 0.03831079618898524
-0.1586608319566047 -0.46112536874503374 0.5041294836259183
0.18517921463490408 0.20401304192962116 -0.019916539740631397
0.02185519250393742 0.2990328148831433 0.27122013990745175
0.06483519832787601 0.10899326897609904 -0.07814387567024803
-0.00393281099042574 0.2990328148831433 -0.0005074277640925178
-0.03831681564957662 0.3940525878366654 0.057719908165524116
-0.13287282846224152 -0.46112536874503374 -0.07814387567024803
-0.09848882380309065 0.20401304192962116 -0.07814387567024803
-0.046912816814364336 0.20401304192962116 -0.07814387567024803
0.16798721230532865 0.10899326897609904 -0.07814387567024803
0.030451193668725136 -0.2710858228379895 -0.07814387567024803
0.030451193668725136 0.2990328148831433 -0.05873476369370915
0.26254322511799355 -0.46112536874503374 -0.03932565171717027
-0.021124813320001178 -0.36610559579151164 -0.03932565171717027
-0.1586608319566047 -0.36610559579151164 -0.07814387567024803
-0.00393281099042574 -0.2710858228379895 0.01890168421244636
0.08202720065745145 -0.36610559579151164 0.17417458002475739
-0.06410481914393977 -0.36610559579151164 0.19358369200129624
0.039047194833512856 0.10899326897609904 -0.05873476369370915
0.08202720065745145 -0.46112536874503374 -0.07814387567024803
0.1507952099757532 0.3940525878366654 -0.07814387567024803
-0.029720814484788898 0.2990328148831433 -0.07814387567024803
0.17658321347011635 -0.08104627693094522 -0.07814387567024803
-0.1586608319566047 -0.2710858228379895 -0.07814387567024803
-0.19304483661575556 0.20401304192962116 -0.07814387567024803
-0.05550881797915205 0.20401304192962116 0.3100383638605295
-0.021124813320001178 0.20401304192962116 -0.0005074277640925178
0.06483519832787601 -0.36610559579151164 0.25181102793091287
-0.15006483079181696 0.013973496022576904 -0.07814387567024803
0.1507952099757532 0.2990328148831433 0.19358369200129624
-0.012528812155213459 -0.36610559579151164 -0.019916539740631397
-0.08989282263830294 -0.08104627693094522 0.3100383638605295
-0.00393281099042574 -0.17606604988446736 -0.07814387567024803
-0.08989282263830294 -0.2710858228379895 -0.05873476369370915
0.07343119949266373 -0.36610559579151164 -0.07814387567024803
0.039047194833512856 -0.17606604988446736 -0.07814387567024803
-0.05550881797915205 0.013973496022576904 -0.07814387567024803
-0.021124813320001178 0.013973496022576904 0.17417458002475739
-0.06410481914393977 0.3940525878366654 -0.05873476369370915
0.09062320182223917 -0.17606604988446736 0.09653813211860186
-0.046912816814364336 -0.17606604988446736 -0.07814387567024803
-0.00393281099042574 -0.36610559579151164 -0.03932565171717027
-0.046912816814364336 0.2990328148831433 0.1547654680482185
-0.07270082030872749 0.013973496022576904 -0.05873476369370915
0.004663190174361979 -0.36610559579151164 -0.019916539740631397
-0.046912816814364336 -0.08104627693094522 -0.07814387567024803
-0.012528812155213459 -0.36610559579151164 0.17417458002475739
-0.06410481914393977 0.3940525878366654 -0.05873476369370915
0.10781520415181461 -0.46112536874503374 -0.07814387567024803
-0.09848882380309065 0.20401304192962116 -0.07814387567024803
-0.08989282263830294 0.20401304192962116 -0.07814387567024803
0.004663190174361979 -0.46112536874503374 -0.0005074277640925178
0.0562391971630883 0.10899326897609904 -0.0005074277640925178
-0.046912816814364336 0.013973496022576904 0.03831079618898524
-0.08129682147351522 0.10899326897609904 -0.019916539740631397
-0.05550881797915205 -0.46112536874503374 -0.03932565171717027
-0.00393281099042574 0.013973496022576904 -0.0005074277640925178
0.04764319599830057 -0.17606604988446736 -0.03932565171717027
-0.00393281099042574 0.20401304192962116 -0.07814387567024803
-0.046912816814364336 0.2990328148831433 -0.07814387567024803
0.13360320764617778 0.3940525878366654 -0.07814387567024803
0.02185519250393742 0.5840921337437097 -0.019916539740631397
0.04764319599830057 -0.46112536874503374 -0.07814387567024803
0.04764319599830057 -0.36610559579151164 -0.07814387567024803
0.013259191339149698 -0.08104627693094522 -0.07814387567024803
-0.029720814484788898 0.013973496022576904 -0.019916539740631397
0.09921920298702688 0.2990328148831433 -0.07814387567024803
0.039047194833512856 0.5840921337437097 -0.07814387567024803
-0.10708482496787837 -0.46112536874503374 -0.07814387567024803
-0.00393281099042574 0.5840921337437097 -0.019916539740631397
0.08202720065745145 0.2990328148831433 -0.07814387567024803
0.1507952099757532 -0.46112536874503374 -0.0005074277640925178
0.07343119949266373 -0.36610559579151164 -0.07814387567024803
-0.10708482496787837 -0.46112536874503374 -0.03932565171717027
0.02185519250393742 0.2990328148831433 -0.07814387567024803
-0.10708482496787837 0.20401304192962116 -0.07814387567024803
0.14219920881096548 0.2990328148831433 -0.07814387567024803
0.08202720065745145 0.2990328148831433 -0.07814387567024803
0.07343119949266373 0.20401304192962116 -0.07814387567024803
0.013259191339149698 0.5840921337437097 0.057719908165524116
-0.05550881797915205 -0.46112536874503374 -0.019916539740631397
-0.029720814484788898 -0.17606604988446736 -0.07814387567024803
0.02185519250393742 -0.46112536874503374 -0.05873476369370915
-0.13287282846224152 -0.2710858228379895 -0.07814387567024803
0.030451193668725136 0.20401304192962116 0.09653813211860186
-0.03831681564957662 -0.46112536874503374 0.13535635607167962
0.039047194833512856 0.10899326897609904 -0.07814387567024803
-0.05550881797915205 0.5840921337437097 -0.019916539740631397
0.11641120531660233 0.48907236079018757 -0.07814387567024803
-0.09848882380309065 -0.36610559579151164 -0.07814387567024803
0.10781520415181461 -0.36610559579151164 -0.03932565171717027
0.1937752157996918 -0.08104627693094522 -0.05873476369370915
0.10781520415181461 0.3940525878366654 -0.07814387567024803
0.14219920881096548 0.3940525878366654 0.07712902014206299
-0.09848882380309065 0.10899326897609904 -0.07814387567024803
-0.012528812155213459 0.10899326897609904 0.057719908165524116
0.10781520415181461 0.2990328148831433 0.21299280397783513
-0.06410481914393977 0.20401304192962116 0.03831079618898524
-0.08129682147351522 -0.36610559579151164 -0.03932565171717027
-0.09848882380309065 0.3940525878366654 -0.07814387567024803
0.1507952099757532 -0.36610559579151164 0.07712902014206299
-0.11568082613266609 -0.36610559579151164 -0.03932565171717027
0.013259191339149698 0.3940525878366654 0.8146752752505403
0.09062320182223917 -0.2710858228379895 -0.05873476369370915
0.02185519250393742 0.5840921337437097 0.3488565878136073
-0.08129682147351522 0.20401304192962116 -0.07814387567024803
-0.07270082030872749 -0.17606604988446736 -0.07814387567024803
0.013259191339149698 -0.36610559579151164 0.057719908165524116
-0.1586608319566047 0.2990328148831433 0.09653813211860186
-0.18444883545096785 0.20401304192962116 -0.0005074277640925178
0.12500720648139005 -0.17606604988446736 -0.07814387567024803
-0.06410481914393977 0.48907236079018757 -0.07814387567024803
-0.03831681564957662 0.2990328148831433 -0.07814387567024803
-0.1242768272974538 -0.2710858228379895 -0.07814387567024803
0.20237121696447952 0.3940525878366654 -0.07814387567024803
0.039047194833512856 0.10899326897609904 -0.07814387567024803
0.06483519832787601 -0.17606604988446736 -0.05873476369370915
-0.19304483661575556 -0.08104627693094522 -0.019916539740631397
0.04764319599830057 -0.2710858228379895 -0.019916539740631397
-0.07270082030872749 0.3940525878366654 0.232401915954374
0.039047194833512856 -0.08104627693094522 0.19358369200129624
-0.00393281099042574 0.10899326897609904 -0.07814387567024803
0.09921920298702688 0.48907236079018757 -0.07814387567024803
-0.08129682147351522 -0.46112536874503374 0.9311299471097736
0.10781520415181461 -0.08104627693094522 0.3488565878136073
-0.08129682147351522 0.013973496022576904 -0.03932565171717027
-0.13287282846224152 -0.2710858228379895 0.21299280397783513
0.16798721230532865 -0.46112536874503374 -0.07814387567024803
-0.00393281099042574 -0.08104627693094522 -0.019916539740631397
0.013259191339149698 0.20401304192962116 0.3682656997901462
0.16798721230532865 0.3940525878366654 -0.019916539740631397
-0.08989282263830294 -0.17606604988446736 -0.0005074277640925178
-0.021124813320001178 0.2990328148831433 -0.05873476369370915
-0.09848882380309065 0.5840921337437097 0.07712902014206299
-0.08129682147351522 0.013973496022576904 0.19358369200129624
0.21096721812926725 0.20401304192962116 -0.019916539740631397
0.0562391971630883 -0.2710858228379895 -0.07814387567024803
-0.03831681564957662 -0.17606604988446736 0.07712902014206299
0.013259191339149698 0.013973496022576904 0.29062925188399064
0.0562391971630883 0.10899326897609904 -0.05873476369370915
0.09062320182223917 -0.17606604988446736 -0.07814387567024803
-0.021124813320001178 -0.36610559579151164 -0.07814387567024803
-0.021124813320001178 0.10899326897609904 -0.07814387567024803
-0.03831681564957662 -0.46112536874503374 0.13535635607167962
-0.046912816814364336 0.3940525878366654 -0.07814387567024803
0.004663190174361979 -0.2710858228379895 0.09653813211860186
-0.06410481914393977 0.2990328148831433 -0.07814387567024803
0.21956321929405495 0.20401304192962116 -0.05873476369370915
-0.1242768272974538 -0.2710858228379895 -0.07814387567024803
0.17658321347011635 0.48907236079018757 -0.07814387567024803
-0.029720814484788898 -0.2710858228379895 -0.05873476369370915
-0.029720814484788898 -0.08104627693094522 -0.07814387567024803
0.09062320182223917 0.2990328148831433 -0.07814387567024803
-0.021124813320001178 -0.17606604988446736 -0.07814387567024803
0.02185519250393742 -0.46112536874503374 -0.05873476369370915
0.16798721230532865 0.013973496022576904 -0.07814387567024803
0.07343119949266373 -0.08104627693094522 0.01890168421244636
0.12500720648139005 0.20401304192962116 -0.07814387567024803
0.030451193668725136 0.2990328148831433 -0.03932565171717027
0.15939121114054092 0.48907236079018757 -0.03932565171717027
-0.06410481914393977 0.3940525878366654 -0.07814387567024803
0.09921920298702688 -0.46112536874503374 -0.07814387567024803
0.09921920298702688 -0.17606604988446736 -0.07814387567024803
0.0562391971630883 0.10899326897609904 0.057719908165524116
-0.08989282263830294 -0.36610559579151164 -0.07814387567024803
0.07343119949266373 0.48907236079018757 -0.05873476369370915
-0.15006483079181696 0.10899326897609904 0.17417458002475739
-0.07270082030872749 -0.46112536874503374 0.09653813211860186
-0.11568082613266609 0.013973496022576904 -0.07814387567024803
0.11641120531660233 -0.17606604988446736 0.17417458002475739
-0.08989282263830294 0.013973496022576904 -0.05873476369370915
0.06483519832787601 -0.17606604988446736 0.4070839237432239
0.1507952099757532 0.013973496022576904 -0.07814387567024803
-0.07270082030872749 -0.17606604988446736 -0.07814387567024803
-0.046912816814364336 -0.46112536874503374 -0.019916539740631397
-0.06410481914393977 -0.2710858228379895 -0.07814387567024803
-0.012528812155213459 -0.36610559579151164 -0.05873476369370915
0.11641120531660233 -0.46112536874503374 -0.05873476369370915
0.004663190174361979 -0.2710858228379895 -0.05873476369370915
-0.16725683312139242 -0.46112536874503374 0.11594724409514075
0.07343119949266373 0.10899326897609904 -0.07814387567024803
-0.1242768272974538 0.5840921337437097 0.3294474758370684
-0.08129682147351522 0.10899326897609904 -0.07814387567024803
-0.021124813320001178 0.013973496022576904 -0.05873476369370915
-0.13287282846224152 0.013973496022576904 -0.07814387567024803
-0.05550881797915205 -0.08104627693094522 -0.07814387567024803
-0.00393281099042574 -0.08104627693094522 -0.05873476369370915
0.09062320182223917 0.013973496022576904 -0.07814387567024803
-0.03831681564957662 -0.08104627693094522 -0.03932565171717027
0.004663190174361979 -0.17606604988446736 -0.05873476369370915
0.013259191339149698 -0.2710858228379895 -0.019916539740631397
-0.1242768272974538 -0.36610559579151164 -0.03932565171717027
0.12500720648139005 0.013973496022576904 -0.05873476369370915
0.013259191339149698 0.2990328148831433 -0.07814387567024803
-0.13287282846224152 -0.36610559579151164 0.03831079618898524
0.004663190174361979 -0.2710858228379895 -0.03932565171717027
0.02185519250393742 0.48907236079018757 0.21299280397783513
-0.18444883545096785 -0.36610559579151164 -0.03932565171717027
-0.1586608319566047 0.3940525878366654 0.057719908165524116
0.013259191339149698 -0.46112536874503374 -0.05873476369370915
-0.11568082613266609 0.3940525878366654 -0.07814387567024803
-0.11568082613266609 -0.46112536874503374 -0.07814387567024803
-0.1586608319566047 -0.2710858228379895 -0.05873476369370915
-0.09848882380309065 -0.2710858228379895 0.3682656997901462
0.08202720065745145 -0.46112536874503374 -0.07814387567024803
0.039047194833512856 0.10899326897609904 0.09653813211860186
-0.07270082030872749 0.10899326897609904 0.03831079618898524
0.18517921463490408 0.013973496022576904 -0.07814387567024803
0.030451193668725136 0.3940525878366654 -0.07814387567024803
-0.08129682147351522 -0.2710858228379895 -0.07814387567024803
0.07343119949266373 -0.36610559579151164 -0.07814387567024803
