-1.0913361935368127 2.345715066273514 -0.7617502725459351 -1.7315480586408383
-0.9445196652583172 2.345715066273514 -0.7294453415643433 -1.7315480586408383
-0.21043702386584393 -1.3636235174421407 0.11048286395704292 0.17442545487309186
1.5513613154760921 0.22609301843599805 0.3689223118097774 0.5209660936938063
-1.0913361935368127 2.345715066273514 -0.7617502725459351 -1.558277739230481
0.6704621458051234 -1.3636235174421407 0.4335321737729607 0.5209660936938063
2.725893541704049 -0.3038124935233816 0.7565814835888786 1.9071286489766643
-1.384969250093801 0.22609301843599805 -0.7294453415643433 -1.7315480586408383
0.964095202362113 -0.3038124935233816 0.4658371047545527 1.3873176907455926
-1.2381527218153068 1.285904042354755 -0.7617502725459351 -1.7315480586408383
1.5513613154760921 0.7559985303953777 0.6273617596625116 1.9071286489766643
0.8172786740836189 0.22609301843599805 0.562751897699328 1.0407770519248782
1.2577282589191026 -0.3038124935233816 0.4658371047545527 1.9071286489766643
-1.825418834929286 0.7559985303953777 -0.7617502725459351 -1.7315480586408383
0.3768290892481339 -1.3636235174421407 0.07817793297545125 0.17442545487309186
1.6981778437545862 0.7559985303953777 0.3043124498465938 0.3476957742834489
-0.5040700804228335 -3.483245565279657 -0.01873685996932404 -0.34538550335798
-2.119051891486274 -0.8337180054827612 -0.7617502725459351 -1.7315480586408383
0.3768290892481339 -0.8337180054827612 0.3043124498465938 0.3476957742834489
0.5236456175266293 -4.543056589198414 0.23970258788341015 0.5209660936938063
-1.0913361935368127 3.4055260901922733 -0.7294453415643433 -1.3850074198201237
1.5513613154760921 0.22609301843599805 0.5304469667177363 1.5605880101559502
-1.6786023066507905 0.7559985303953777 -0.7940552035275269 -1.7315480586408383
-0.7977031369798231 3.4055260901922733 -0.7294453415643433 -1.7315480586408383
1.8449943720330804 -0.3038124935233816 0.6919716216256953 1.5605880101559502
1.2577282589191026 0.22609301843599805 0.2073976569018185 0.3476957742834489
-1.825418834929286 2.8756205782328936 -0.8909699964723022 -1.7315480586408383
-0.0636204955873498 -1.893529029401518 0.4335321737729607 1.2140473713352353
-1.825418834929286 0.22609301843599805 -0.7294453415643433 -1.7315480586408383
2.285443956868565 -1.3636235174421407 0.7565814835888786 1.2140473713352353
-0.5040700804228335 6.055053649989169 -0.7617502725459351 -1.7315480586408383
1.2577282589191026 1.285904042354755 0.6273617596625116 2.253669287797379
0.8172786740836189 -1.893529029401518 0.49814203573614435 1.2140473713352353
1.110911730640607 -0.3038124935233816 0.2073976569018185 0.3476957742834489
-1.0913361935368127 1.8158095543141344 -0.7294453415643433 -1.7315480586408383
0.6704621458051234 -4.013151077239036 0.2073976569018185 0.17442545487309186
0.3768290892481339 -0.3038124935233816 0.3689223118097774 1.0407770519248782
-0.5040700804228335 -4.013151077239036 0.07817793297545125 0.17442545487309186
-1.384969250093801 -3.483245565279657 -0.14795658389569127 -0.34538550335798
0.23001256096963976 1.8158095543141344 0.23970258788341015 0.6942364131041637
-0.0636204955873498 4.99524262607041 -0.8263601345091186 -1.7315480586408383
0.6704621458051234 1.285904042354755 0.3043124498465938 0.6942364131041637
0.5236456175266293 1.8158095543141344 0.5304469667177363 1.9071286489766643
1.4045447871975967 -0.3038124935233816 0.562751897699328 1.5605880101559502
0.964095202362113 -0.3038124935233816 0.6596666906441032 1.7338583295663077
-0.5040700804228335 -3.483245565279657 0.013568071012267627 -0.17211518394762262
-0.35725355214433935 -0.3038124935233816 0.11048286395704292 0.17442545487309186
1.110911730640607 -0.8337180054827612 0.2720075188650018 0.17442545487309186
-0.35725355214433935 -1.3636235174421407 0.3689223118097774 1.3873176907455926
0.3768290892481339 -2.4234345413608978 0.5950568286809196 0.3476957742834489
0.964095202362113 -0.3038124935233816 0.562751897699328 1.0407770519248782
-0.21043702386584393 -1.3636235174421407 0.23970258788341015 0.17442545487309186
-1.825418834929286 1.8158095543141344 -0.7617502725459351 -1.558277739230481
-0.6508866087013276 4.46533711411103 -0.6648354796011596 -1.3850074198201237
1.4045447871975967 0.7559985303953777 0.6919716216256953 1.9071286489766643
-0.6508866087013276 4.46533711411103 -0.7940552035275269 -1.3850074198201237
0.6704621458051234 -2.9533400533202774 0.40122724279136907 1.2140473713352353
0.08319603269114563 -0.3038124935233816 0.4335321737729607 1.0407770519248782
-1.384969250093801 -2.9533400533202774 0.23970258788341015 0.8675067325145208
0.3768290892481339 -1.3636235174421407 0.3043124498465938 0.0011551354627344337
-1.5317857783722963 -0.3038124935233816 -0.7617502725459351 -1.558277739230481
1.2577282589191026 -0.3038124935233816 0.40122724279136907 0.8675067325145208
-2.119051891486274 -0.3038124935233816 -0.7940552035275269 -1.7315480586408383
0.6704621458051234 1.285904042354755 0.7242765526072868 2.253669287797379
-1.2381527218153068 -5.602867613117173 -0.08334672193250765 -0.34538550335798
0.23001256096963976 -0.3038124935233816 0.33661738082818543 1.0407770519248782
-0.0636204955873498 -1.3636235174421407 0.4335321737729607 2.080398968387022
-0.6508866087013276 -0.3038124935233816 0.23970258788341015 0.5209660936938063
1.2577282589191026 -2.9533400533202774 0.6596666906441032 1.0407770519248782
0.6704621458051234 -1.893529029401518 0.3689223118097774 1.0407770519248782
-0.6508866087013276 1.8158095543141344 -0.6648354796011596 -1.7315480586408383
0.964095202362113 -1.3636235174421407 0.2720075188650018 0.5209660936938063
-1.2381527218153068 2.8756205782328936 -0.7617502725459351 -1.7315480586408383
-1.5317857783722963 1.8158095543141344 -0.6002256176379762 -1.7315480586408383
0.08319603269114563 0.7559985303953777 0.33661738082818543 1.0407770519248782
0.6704621458051234 -0.8337180054827612 0.5950568286809196 1.0407770519248782
-1.0913361935368127 -2.9533400533202774 -0.24487137684046656 -0.17211518394762262
-0.0636204955873498 -1.893529029401518 0.11048286395704292 -0.34538550335798
0.8172786740836189 0.7559985303953777 0.23970258788341015 0.5209660936938063
-1.5317857783722963 1.8158095543141344 -0.6971404105827514 -1.7315480586408383
0.8172786740836189 -1.3636235174421407 0.5950568286809196 1.7338583295663077
0.23001256096963976 -4.543056589198414 0.07817793297545125 -0.34538550335798
0.6704621458051234 1.8158095543141344 0.5950568286809196 2.080398968387022
-0.35725355214433935 -0.3038124935233816 0.23970258788341015 0.5209660936938063
0.23001256096963976 -1.893529029401518 0.4335321737729607 0.6942364131041637
-0.6508866087013276 3.4055260901922733 -0.7294453415643433 -1.7315480586408383
-1.2381527218153068 1.8158095543141344 -0.6971404105827514 -1.3850074198201237
-1.2381527218153068 -4.013151077239036 -0.14795658389569127 -0.34538550335798
-1.2381527218153068 1.8158095543141344 -0.7294453415643433 -1.7315480586408383
1.9918109003115758 -0.3038124935233816 0.6596666906441032 0.6942364131041637
-0.35725355214433935 -0.8337180054827612 -0.05104179095091585 0.17442545487309186
1.2577282589191026 1.285904042354755 0.6273617596625116 1.5605880101559502
0.8172786740836189 -1.3636235174421407 0.5950568286809196 1.5605880101559502
-0.21043702386584393 -2.9533400533202774 0.40122724279136907 1.3873176907455926
-1.5317857783722963 -0.3038124935233816 -0.7617502725459351 -1.9048183780511954
-1.384969250093801 0.22609301843599805 -0.7294453415643433 -1.9048183780511954
-0.9445196652583172 1.8158095543141344 -0.7617502725459351 -1.7315480586408383
0.3768290892481339 -0.3038124935233816 0.2720075188650018 0.3476957742834489
-0.5040700804228335 -2.9533400533202774 0.07817793297545125 0.17442545487309186
0.964095202362113 0.7559985303953777 0.4335321737729607 1.3873176907455926
0.6704621458051234 -2.9533400533202774 0.3689223118097774 0.5209660936938063
-0.5040700804228335 -2.4234345413608978 0.2073976569018185 0.0011551354627344337
-0.35725355214433935 -1.893529029401518 0.14278779493863486 0.17442545487309186
-1.2381527218153068 -0.3038124935233816 -0.6971404105827514 -1.7315480586408383
-0.21043702386584393 3.9354316021516507 -0.6648354796011596 -1.558277739230481
-0.6508866087013276 1.8158095543141344 -0.7294453415643433 -1.3850074198201237
-2.119051891486274 0.7559985303953777 -0.7940552035275269 -1.7315480586408383
-1.0913361935368127 3.9354316021516507 -0.6971404105827514 -1.7315480586408383
-2.2658684197647694 -0.3038124935233816 -0.8586650654907104 -1.9048183780511954
0.8172786740836189 0.7559985303953777 0.49814203573614435 1.9071286489766643
0.23001256096963976 -0.8337180054827612 0.23970258788341015 0.5209660936938063
2.725893541704049 -2.4234345413608978 1.015020931441613 1.9071286489766643
2.579077013425554 -0.3038124935233816 0.9181061384968374 1.5605880101559502
0.8172786740836189 -0.8337180054827612 0.17509272592022654 0.17442545487309186
-1.0913361935368127 3.9354316021516507 -0.7294453415643433 -1.558277739230481
-1.5317857783722963 0.22609301843599805 -0.6971404105827514 -1.7315480586408383
1.9918109003115758 0.7559985303953777 0.7242765526072868 1.0407770519248782
-0.5040700804228335 2.345715066273514 -0.7940552035275269 -1.7315480586408383
-1.384969250093801 2.8756205782328936 -0.7617502725459351 -1.9048183780511954
-0.21043702386584393 -2.4234345413608978 -0.08334672193250765 -0.34538550335798
