6.0 5.0 30.0 0.833 0.367 1.0 2.2 11.0 30.0 5.0
31.0 37.0 1147.0 1.194 0.189 0.555 2.07 217.0 637.0 105.0
32.0 1.0 32.0 0.031 1.0 1.0 32.0 32.0 32.0 1.0
36.0 172.0 6192.0 4.778 0.128 0.337 4.84 793.0 2086.0 164.0
54.0 357.0 19278.0 6.611 0.324 0.644 6.22 6238.0 12422.0 1003.0
54.0 1.0 54.0 0.019 1.0 1.0 54.0 54.0 54.0 1.0
7.0 15.0 105.0 2.143 0.114 0.295 2.4 12.0 31.0 5.0
69.0 3.0 207.0 0.043 0.643 0.952 2.08 133.0 197.0 64.0
33.0 28.0 924.0 0.848 0.098 0.271 5.69 91.0 250.0 16.0
5.0 2.0 10.0 0.4 0.8 0.8 8.0 8.0 8.0 1.0
38.0 70.0 2660.0 1.842 0.059 0.062 19.63 157.0 165.0 8.0
304.0 463.0 140750.0 1.523 0.063 0.121 3.91 8898.0 17081.0 2273.0
67.0 30.0 2010.0 0.448 0.169 0.46 2.26 339.0 924.0 150.0
13.0 5.0 65.0 0.385 0.323 0.554 5.25 21.0 36.0 4.0
47.0 1.0 47.0 0.021 1.0 1.0 47.0 47.0 47.0 1.0
93.0 4.0 372.0 0.043 0.419 0.565 2.89 156.0 210.0 54.0
47.0 286.0 13442.0 6.085 0.183 0.317 4.67 2459.0 4258.0 526.0
86.0 67.0 5762.0 0.779 0.164 0.935 2.37 947.0 5386.0 399.0
9.0 1.0 9.0 0.111 1.0 1.0 9.0 9.0 9.0 1.0
30.0 60.0 1800.0 2.0 0.154 0.457 1.85 278.0 823.0 150.0
42.0 7.0 294.0 0.167 0.282 0.432 2.18 83.0 127.0 38.0
17.0 2.0 34.0 0.118 0.706 0.706 24.0 24.0 24.0 1.0
7.0 9.0 63.0 1.286 0.143 0.238 9.0 9.0 15.0 1.0
20.0 1.0 20.0 0.05 1.0 1.0 20.0 20.0 20.0 1.0
37.0 20.0 740.0 0.541 0.131 0.193 4.22 97.0 143.0 23.0
98.0 3.0 294.0 0.031 0.48 0.486 141.0 141.0 143.0 1.0
27.0 1.0 27.0 0.037 1.0 1.0 27.0 27.0 27.0 1.0
10.0 1.0 10.0 0.1 0.9 1.0 9.0 9.0 10.0 1.0
84.0 1.0 84.0 0.012 1.0 1.0 84.0 84.0 84.0 1.0
12.0 2.0 24.0 0.167 0.625 0.667 15.0 15.0 16.0 1.0
44.0 3.0 132.0 0.068 0.598 0.841 2.47 79.0 111.0 32.0
5.0 3.0 15.0 0.6 0.467 0.6 3.5 7.0 9.0 2.0
9.0 1.0 9.0 0.111 1.0 1.0 9.0 9.0 9.0 1.0
160.0 286.0 45760.0 1.788 0.201 0.226 55.42 9199.0 10347.0 166.0
7.0 11.0 77.0 1.571 0.117 0.494 1.8 9.0 38.0 5.0
9.0 10.0 90.0 1.111 0.144 0.522 6.5 13.0 47.0 2.0
19.0 2.0 38.0 0.105 0.816 0.816 31.0 31.0 31.0 1.0
8.0 1.0 8.0 0.125 1.0 1.0 8.0 8.0 8.0 1.0
7.0 1.0 7.0 0.143 1.0 1.0 7.0 7.0 7.0 1.0
31.0 71.0 2201.0 2.29 0.159 0.296 10.29 350.0 651.0 34.0
52.0 48.0 2496.0 0.923 0.138 0.248 7.67 345.0 619.0 45.0
16.0 1.0 16.0 0.063 1.0 1.0 16.0 16.0 16.0 1.0
4.0 7.0 28.0 1.75 0.286 1.0 2.0 8.0 28.0 4.0
4.0 2.0 8.0 0.5 1.0 1.0 8.0 8.0 8.0 1.0
12.0 4.0 48.0 0.333 0.292 1.0 2.0 14.0 48.0 7.0
29.0 48.0 1392.0 1.655 0.116 0.268 5.06 162.0 373.0 32.0
101.0 99.0 9999.0 0.98 0.14 0.778 2.02 1398.0 7780.0 691.0
25.0 1.0 25.0 0.04 1.0 1.0 25.0 25.0 25.0 1.0
9.0 1.0 9.0 0.111 1.0 1.0 9.0 9.0 9.0 1.0
12.0 1.0 12.0 0.083 1.0 1.0 12.0 12.0 12.0 1.0
83.0 277.0 22991.0 3.337 0.18 0.365 6.86 4138.0 8387.0 603.0
9.0 1.0 9.0 0.111 1.0 1.0 9.0 9.0 9.0 1.0
6.0 6.0 36.0 1.0 0.194 0.417 3.5 7.0 15.0 2.0
22.0 22.0 484.0 1.0 0.107 0.473 1.79 52.0 229.0 29.0
34.0 27.0 918.0 0.794 0.219 0.554 3.09 201.0 509.0 65.0
32.0 350.0 11200.0 10.938 0.142 0.402 3.96 1588.0 4497.0 401.0
153.0 442.0 67626.0 2.889 0.114 0.215 6.27 7689.0 14538.0 1227.0
25.0 9.0 225.0 0.36 0.187 0.436 2.47 42.0 98.0 17.0
16.0 30.0 480.0 1.875 0.133 0.471 2.29 64.0 226.0 28.0
7.0 1.0 7.0 0.143 1.0 1.0 7.0 7.0 7.0 1.0
14.0 1.0 14.0 0.071 1.0 1.0 14.0 14.0 14.0 1.0
83.0 314.0 26062.0 3.783 0.298 0.671 8.75 7772.0 17482.0 888.0
45.0 79.0 3555.0 1.756 0.087 0.195 4.81 308.0 693.0 64.0
14.0 17.0 238.0 1.214 0.113 0.387 1.8 27.0 92.0 15.0
13.0 13.0 169.0 1.0 0.124 0.45 3.5 21.0 76.0 6.0
53.0 48.0 2544.0 0.906 0.157 0.269 7.84 400.0 685.0 51.0
14.0 1.0 14.0 0.071 1.0 1.0 14.0 14.0 14.0 1.0
5.0 12.0 60.0 2.4 0.133 0.267 4.0 8.0 16.0 2.0
27.0 4.0 108.0 0.148 0.333 0.667 2.57 36.0 72.0 14.0
10.0 12.0 120.0 1.2 0.208 0.583 1.67 25.0 70.0 15.0
17.0 60.0 1020.0 3.529 0.139 0.371 7.1 142.0 378.0 20.0
804.0 11.0 8844.0 0.014 0.191 0.233 15.64 1689.0 2058.0 108.0
261.0 30.0 7830.0 0.115 0.063 0.09 2.4 492.0 701.0 205.0
9.0 2.0 18.0 0.222 0.611 0.722 11.0 11.0 13.0 1.0
19.0 47.0 893.0 2.474 0.078 0.112 3.89 70.0 100.0 18.0
38.0 1.0 38.0 0.026 1.0 1.0 38.0 38.0 38.0 1.0
100.0 49.0 4900.0 0.49 0.093 0.4 1.77 458.0 1958.0 259.0
4.0 8.0 32.0 2.0 0.344 0.531 5.5 11.0 17.0 2.0
94.0 2.0 188.0 0.021 0.516 0.516 97.0 97.0 97.0 1.0
31.0 105.0 3255.0 3.387 0.242 0.456 4.89 787.0 1485.0 161.0
54.0 357.0 19278.0 6.611 0.299 0.655 6.4 5766.0 12626.0 901.0
58.0 3.0 174.0 0.052 0.339 0.345 59.0 59.0 60.0 1.0
54.0 48.0 2592.0 0.889 0.143 0.264 6.85 370.0 685.0 54.0
7.0 2.0 14.0 0.286 0.643 0.714 9.0 9.0 10.0 1.0
6.0 5.0 30.0 0.833 0.233 0.633 1.75 7.0 19.0 4.0
11.0 1.0 11.0 0.091 1.0 1.0 11.0 11.0 11.0 1.0
23.0 1.0 23.0 0.043 1.0 1.0 23.0 23.0 23.0 1.0
306.0 465.0 142290.0 1.52 0.055 0.123 2.69 7861.0 17452.0 2925.0
7.0 13.0 91.0 1.857 0.154 0.484 2.0 14.0 44.0 7.0
26.0 1.0 26.0 0.038 1.0 1.0 26.0 26.0 26.0 1.0
10.0 1.0 10.0 0.1 1.0 1.0 10.0 10.0 10.0 1.0
31.0 105.0 3255.0 3.387 0.224 0.417 5.35 728.0 1358.0 136.0
34.0 25.0 850.0 0.735 0.256 0.534 2.06 218.0 454.0 106.0
83.0 315.0 26145.0 3.795 0.295 0.594 9.21 7725.0 15523.0 839.0
30.0 61.0 1830.0 2.033 0.157 0.483 1.88 288.0 884.0 153.0
16.0 29.0 464.0 1.813 0.144 0.496 2.58 67.0 230.0 26.0
10.0 1.0 10.0 0.1 1.0 1.0 10.0 10.0 10.0 1.0
9.0 1.0 9.0 0.111 1.0 1.0 9.0 9.0 9.0 1.0
8.0 1.0 8.0 0.125 1.0 1.0 8.0 8.0 8.0 1.0
14.0 19.0 266.0 1.357 0.128 0.541 2.83 34.0 144.0 12.0
13.0 1.0 13.0 0.077 1.0 1.0 13.0 13.0 13.0 1.0
4.0 5.0 20.0 1.25 0.35 0.8 2.33 7.0 16.0 3.0
53.0 48.0 2544.0 0.906 0.181 0.374 4.69 460.0 951.0 98.0
36.0 96.0 3456.0 2.667 0.096 0.207 7.7 331.0 717.0 43.0
9.0 1.0 9.0 0.111 1.0 1.0 9.0 9.0 9.0 1.0
7.0 1.0 7.0 0.143 1.0 1.0 7.0 7.0 7.0 1.0
83.0 314.0 26062.0 3.783 0.282 0.619 8.77 7353.0 16139.0 838.0
7.0 24.0 168.0 3.429 0.101 0.298 1.89 17.0 50.0 9.0
6.0 17.0 102.0 2.833 0.137 0.627 2.8 14.0 64.0 5.0
52.0 461.0 23972.0 8.865 0.192 0.248 11.52 4607.0 5938.0 400.0
13.0 1.0 13.0 0.077 1.0 1.0 13.0 13.0 13.0 1.0
11.0 2.0 22.0 0.182 0.636 0.636 14.0 14.0 14.0 1.0
8.0 16.0 128.0 2.0 0.156 0.859 5.0 20.0 110.0 4.0
8.0 5.0 40.0 0.625 0.275 0.45 3.67 11.0 18.0 3.0
197.0 198.0 39006.0 1.005 0.273 0.332 46.93 10654.0 12964.0 227.0
1.0 25.0 25.0 25.0 1.0 1.0 25.0 25.0 25.0 1.0
16.0 21.0 336.0 1.313 0.095 0.515 1.6 32.0 173.0 20.0
11.0 48.0 528.0 4.364 0.237 0.39 7.35 125.0 206.0 17.0
21.0 4.0 84.0 0.19 0.31 0.643 3.71 26.0 54.0 7.0
17.0 9.0 153.0 0.529 0.209 0.497 1.88 32.0 76.0 17.0
8.0 1.0 8.0 0.125 1.0 1.0 8.0 8.0 8.0 1.0
55.0 48.0 2640.0 0.873 0.142 0.364 4.26 375.0 960.0 88.0
15.0 1.0 15.0 0.067 1.0 1.0 15.0 15.0 15.0 1.0
311.0 463.0 143990.0 1.489 0.088 0.16 3.93 12631.0 23092.0 3212.0
430.0 5.0 2150.0 0.012 0.216 0.221 46.5 465.0 475.0 10.0
22.0 1.0 22.0 0.045 1.0 1.0 22.0 22.0 22.0 1.0
11.0 1.0 11.0 0.091 1.0 1.0 11.0 11.0 11.0 1.0
16.0 4.0 64.0 0.25 0.156 0.531 5.0 10.0 34.0 2.0
6.0 9.0 54.0 1.5 0.148 0.296 4.0 8.0 16.0 2.0
6.0 21.0 126.0 3.5 0.198 0.444 1.67 25.0 56.0 15.0
5.0 4.0 20.0 0.8 0.45 0.65 4.5 9.0 13.0 2.0
5.0 2.0 10.0 0.4 0.7 0.7 7.0 7.0 7.0 1.0
5.0 9.0 45.0 1.8 0.178 0.533 1.6 8.0 24.0 5.0
32.0 106.0 3392.0 3.313 0.198 0.395 4.56 671.0 1341.0 147.0
13.0 8.0 104.0 0.615 0.154 0.769 1.07 16.0 80.0 15.0
4.0 5.0 20.0 1.25 0.35 0.8 2.33 7.0 16.0 3.0
49.0 79.0 3871.0 1.612 0.084 0.179 7.36 324.0 694.0 44.0
5.0 2.0 10.0 0.4 0.9 0.9 9.0 9.0 9.0 1.0
91.0 285.0 25935.0 3.132 0.158 0.165 113.89 4100.0 4287.0 36.0
8.0 1.0 8.0 0.125 0.875 1.0 7.0 7.0 8.0 1.0
14.0 19.0 266.0 1.357 0.113 0.504 30.0 30.0 134.0 1.0
54.0 1.0 54.0 0.019 1.0 1.0 54.0 54.0 54.0 1.0
8.0 1.0 8.0 0.125 1.0 1.0 8.0 8.0 8.0 1.0
39.0 70.0 2730.0 1.795 0.09 0.255 7.0 245.0 697.0 35.0
8.0 1.0 8.0 0.125 0.875 1.0 7.0 7.0 8.0 1.0
9.0 1.0 9.0 0.111 1.0 1.0 9.0 9.0 9.0 1.0
6.0 12.0 72.0 2.0 0.139 0.514 1.43 10.0 37.0 7.0
9.0 6.0 54.0 0.667 0.407 0.519 5.5 22.0 28.0 4.0
15.0 14.0 210.0 0.933 0.11 0.338 1.92 23.0 71.0 12.0
8.0 1.0 8.0 0.125 1.0 1.0 8.0 8.0 8.0 1.0
7.0 1.0 7.0 0.143 1.0 1.0 7.0 7.0 7.0 1.0
21.0 68.0 1428.0 3.238 0.052 0.109 5.69 74.0 156.0 13.0
20.0 39.0 780.0 1.95 0.14 0.405 3.21 109.0 316.0 34.0
81.0 49.0 3969.0 0.605 0.113 0.398 2.26 449.0 1580.0 199.0
36.0 48.0 1728.0 1.333 0.143 0.437 3.58 247.0 755.0 69.0
29.0 61.0 1769.0 2.103 0.121 0.431 1.78 214.0 762.0 120.0
18.0 1.0 18.0 0.056 1.0 1.0 18.0 18.0 18.0 1.0
83.0 326.0 27058.0 3.928 0.286 0.671 7.55 7741.0 18149.0 1025.0
14.0 2.0 28.0 0.143 0.536 0.536 15.0 15.0 15.0 1.0
13.0 1.0 13.0 0.077 1.0 1.0 13.0 13.0 13.0 1.0
6.0 13.0 78.0 2.167 0.103 0.449 4.0 8.0 35.0 2.0
8.0 4.0 32.0 0.5 0.438 0.594 7.0 14.0 19.0 2.0
