-1.875000000000001 -0.26785714285714285 -1.8750000000000033 2.1273552242278257 0.26450821931032115 -1.8373774731849166 -2.4580040342296936 -3.558839872713005 1.3079602193238848 0.38669799209213956 2.7241492993813496 -0.2018406864764171 0.3526309272492507
2.142857142857144 0.1607142857142857 -1.8750000000000033 -0.8825374161648539 -0.03697159913436918 0.11762618049148499 1.611918690357717 -0.6809177924414266 0.9322790751346148 2.106145196250114 -1.161557576796305 0.883149248893272 -1.9100993713004466
2.142857142857144 0.10714285714285714 -1.8750000000000033 -0.19270988398871136 1.0062442805631304 -0.37857345728218555 0.9555719974489019 -1.377189263474873 -0.14576246906068221 0.2268320330278651 0.39603040015103796 -0.7680945578554884 -2.013163691317203
2.142857142857144 0.375 2.142857142857147 -0.31074488949430656 -0.531462306636242 1.111171413631837 1.9558558220129916 0.24387354600812536 -0.8628234355784629 -3.276008758913793 -1.7007226457396156 -1.8174461376838371 2.5544595821526825
-1.875000000000001 -0.10714285714285714 2.142857142857147 -0.2555973869220203 0.21186888593108946 -0.19980407277250284 1.3052414146317644 1.2222242283833271 0.5876324602479365 0.5288010668159392 0.40429346634174007 -3.615203183880329 -0.9684662656928087
2.142857142857144 0.26785714285714285 2.142857142857147 -0.12208238069437981 0.3251232092621635 0.17836193292105668 0.8867845711178477 1.9863375350559294 -1.298940242093833 -1.4748522867896343 -0.40755278689473967 -0.16620233093507691 2.1515717857235446
2.142857142857144 0.21428571428571427 -1.8750000000000033 0.2281526356418948 0.1353025828340253 -0.274291316318204 -0.9733420825844272 1.0436930819644945 -0.47570851743560616 2.305089500863433 -0.298067159867937 1.8493446657918269 -1.34793035302723
-1.875000000000001 -0.10714285714285714 2.142857142857147 -0.6948424074100553 -0.4118274580470792 0.5347547443474112 -0.004585828422071727 2.3469704508219706 -0.6423149379021521 2.365483307621048 -2.843091546604179 -2.3401420189568256 -0.08539243282196401
-1.875000000000001 -0.375 -1.8750000000000033 -0.48295989752706026 0.07149733025313842 -0.29033472262035503 1.7408951147284446 -1.7342515563125378 0.8669432239712634 -1.0911739850353757 0.7100269153977171 -1.16011646881023 -1.8140621640121053
-1.875000000000001 -0.3214285714285714 -1.8750000000000033 1.434625191916299 -0.5059402056038873 -0.7189228624063891 -4.275138546475059 -2.2627037497122817 0.3671239625716257 2.5537698816300827 1.2698496498177831 3.4807893861287313 -0.27980921830811817
-1.875000000000001 -0.10714285714285714 2.142857142857147 -0.6812974067782656 1.0891911089182833 0.2597249220248225 1.4714776949318136 1.068687442463131 0.24298584536125847 -2.593914000239556 -1.4280414614464472 -2.165910058532496 0.27064794541773995
2.142857142857144 0.375 2.142857142857147 -0.4181373945034959 -0.23157761950607395 1.073354813062481 1.775288827893972 0.22959105429461876 -0.8546564541830439 -3.1268005304538042 -1.911430833602519 -1.40562514031724 2.451395262135926
-1.875000000000001 -0.3214285714285714 -1.8750000000000033 -1.0982899262283607 -0.3368562862645372 1.3117139924087244 -1.4605863524293987 2.2219986483287886 0.2821873560592689 2.8131079930010165 -0.2319626303423204 -0.9740050565387868 -1.4416251894060994
2.142857142857144 0.05357142857142857 -1.8750000000000033 1.5574976976475334 -0.5490087510959858 -0.5825539088381056 -3.203201152816121 -3.1517888588780667 0.8114077504824148 0.7241927945611635 1.9246976454309233 3.6391820774235764 0.1535293999441531
2.142857142857144 0.1607142857142857 -1.8750000000000033 0.0839951289178481 0.5468464619807452 -0.6960037105461735 0.7176821480540041 -0.4773922855239576 0.6154001969923609 1.214448402358272 1.6478849280424037 0.5940825872801796 -1.586852185793347
-1.875000000000001 -0.3214285714285714 -1.8750000000000033 0.6761051565360803 -0.29059747814339426 -0.4553526160139082 -2.627106457293537 0.33313911921754147 0.8816437904830173 1.6904937026830005 1.1892847544584382 2.2809647495702796 -1.2284694366441713
2.142857142857144 0.1607142857142857 -1.8750000000000033 0.13527263130962303 -0.24912406396581782 -0.5023368773273504 -1.0564602227344515 -1.162951887772274 1.1413537988573388 0.25170007110453 1.827606617690174 2.0592149817574965 -2.3574922150095485
2.142857142857144 0.375 2.142857142857147 -0.3929823933301721 1.1019521594344608 0.47058111913880724 0.8122648592592049 1.8899307159897603 0.03391112163853407 0.546563951156414 -0.4344077520145214 -2.9182753421830108 1.3973283528736453
-1.875000000000001 -0.1607142857142857 2.142857142857147 -0.5352048999639634 -1.5013021458657216 1.3105680348157138 0.18457959398832924 1.0508343278212477 0.6627686890857906 -2.569045962162891 -1.9589434641990557 0.9306670562817255 1.9384160329616165
-1.875000000000001 0.0 2.142857142857147 -1.90131496368446 2.543950867762503 1.7838485207291683 1.568926548900808 -2.716172861616116 -2.496219714662246 -3.155221145398564 -0.7401412010704985 4.482623158568627 0.5048850363649136
2.142857142857144 0.375 2.142857142857147 -0.34847739125429206 -0.48679862982962124 1.0882522617716213 2.018910962816458 0.16174921865546238 -0.9052917388346411 -3.201404644683799 -1.768892941812908 -1.6828123500832188 2.6715781276262693
-1.875000000000001 0.0 2.142857142857147 -1.2221299320047223 1.6522724629446095 1.1088794984458155 0.9297767125747567 1.2686423264522235 -2.796764630013662 -2.5086521554052763 -1.1718864095346824 -0.45526899254816905 2.7605882221861955
2.142857142857144 0.3214285714285714 2.142857142857147 -0.7519249100725971 2.4753602212380494 0.7834275420307519 0.5428474394625732 0.48310528220936083 -2.10093781512397 -0.5724977622935072 -1.6903938130012381 -0.15432287908796352 2.526351131239022
-1.875000000000001 -0.21428571428571427 -1.8750000000000033 1.5507251973316387 -0.5266769126926755 -0.8117454274402629 -3.9684612707491067 -2.4840823712716342 0.2756537709429338 1.4595762062568263 1.4144533081550699 3.460990299716876 -0.8279240111245044
2.142857142857144 0.375 2.142857142857147 -0.46457739666963177 1.105142422063505 0.6585181643925763 0.6345640079039797 2.0041906496978132 -0.12452831743259285 -0.03250607834306907 -0.2030418986748631 -2.9776726014185773 1.4629147383388537
-1.875000000000001 -0.375 -1.8750000000000033 0.07528762851169772 -0.03537646781984701 -0.7498637174176803 -0.3169953896756124 -2.4019580439189707 1.4598660732786766 -0.4588153025144677 1.2615865836270812 0.883149248893272 -0.6077411456341612
-1.875000000000001 -0.05357142857142857 2.142857142857147 0.5522651507597179 -0.7707320038145675 -0.48629347102519943 -1.2599563589638223 2.8361457920095723 -0.22089869789853614 0.020782574678355762 -0.07703013926665633 -1.2353529971752815 0.8281322218720133
2.142857142857144 0.3214285714285714 2.142857142857147 -0.8312599137730794 2.8151231912312715 0.8155143546350541 -0.24534182058076323 1.3614785225900161 -1.998033849541692 -1.965107894586743 -1.2090702073928417 0.3010561083847161 2.0976972548056945
-1.875000000000001 0.0 2.142857142857147 -1.2143899316436997 2.378057211052197 1.0538735339812975 1.5660604061370138 -0.27386677860648867 -3.125077282109502 -2.1001058155743526 -1.8019452065757164 0.5228058761974992 3.3625775459204315
2.142857142857144 0.05357142857142857 -1.8750000000000033 1.2091976814015146 -0.26507537711103957 -0.8529999007886512 -3.2805870074385584 -1.3022061819789632 0.7918069951334094 1.2712896322477918 1.9494868440030295 3.750056961329968 -0.49296497107004617
-1.875000000000001 0.0 2.142857142857147 -1.9380799653993168 2.676346766867843 1.8709412977979882 2.081966103619925 -3.116082629594301 -2.5517551881510943 -2.7040438831505007 -0.3600401562982027 4.126239603155225 0.5447053418259331
2.142857142857144 0.10714285714285714 -1.8750000000000033 0.002725125127110292 -0.47244244799892166 -0.848416070416608 1.196327989607594 -0.4059798269564247 1.3095936156029684 0.891163907361628 1.0136945979060188 -1.7897274167072388 -1.3947777712166647
2.142857142857144 0.21428571428571427 -1.8750000000000033 0.21944513523574444 0.6122468458761543 -0.4610824039789621 0.21037487886247513 0.36170410264455466 0.12048112442997447 0.46840726005832434 0.2948078393149375 -1.5006607550941466 -1.345587982117758
-1.875000000000001 -0.3214285714285714 -1.8750000000000033 -0.9850924209484047 -1.1408024687837113 1.50881869840658 -0.23387724952558742 0.8651619355456623 -0.23069907557303884 1.6904937026830005 -1.0603350159602043 -3.718158433221978 -1.0738729566190368
-1.875000000000001 -0.10714285714285714 2.142857142857147 -0.43942239549630796 -0.8138005493066662 0.4453700520925699 -0.4402395285187521 2.682609006089376 -0.6096470123204765 2.7562667631114968 -2.411346338139995 -3.3736543296556905 0.6758781127563503
2.142857142857144 0.3214285714285714 2.142857142857147 -0.8225524133669291 2.6077561203433897 1.0538735339812975 -0.9360822266551058 1.629275242218265 -1.9767996979136029 -1.9899759326634079 -0.9653097547671302 -0.605742049278272 2.146887043904601
2.142857142857144 0.26785714285714285 2.142857142857147 0.27846263798854204 -1.879348267407476 0.11877213808449578 1.1275405632765392 1.322201670377873 0.6055998193178582 -2.071685200629593 -2.2750057459934103 1.1959748142005908 1.238047131029567
-1.875000000000001 -0.375 -1.8750000000000033 -0.5081148987003841 -0.05770830622315733 -0.2571019524230422 1.775288827893972 -1.8270877524503306 0.9633136044372065 -0.9881492558606209 0.7947233438524134 -0.3760726469007468 -1.8773061785678422
2.142857142857144 0.375 2.142857142857147 -0.8776999159392149 0.8610873309416129 1.3185897379667892 0.8810522855902597 -0.2131661888240856 -1.4541128886067922 -3.6810025218766222 -1.2565828379893786 0.9702652291054366 2.392835989399133
-1.875000000000001 -0.3214285714285714 -1.8750000000000033 -1.136022427988346 -0.7643514785564789 1.6738365918001332 0.05846931238139526 1.3186310474494967 -0.5443111611571251 0.848532984944488 -0.7814565320240089 -3.0133109569599177 -0.9544120402359783
2.142857142857144 0.26785714285714285 2.142857142857147 -0.2314098857938246 0.9201071895789331 0.40869940911622477 0.8552570007161139 0.786608231121376 -1.7072893118647787 -2.132079007387208 -0.5852087099948345 0.6970378366218287 2.2288700257361116
2.142857142857144 0.05357142857142857 -1.8750000000000033 -0.1665873827702598 -1.8330894592863332 -0.10010576218056444 0.6259655796125975 1.9363488140586564 0.2625866007102635 1.0758979045025674 0.26588710764748014 -0.5305055209132206 -1.6992859894479904
-1.875000000000001 -0.1607142857142857 2.142857142857147 -0.021462376001085377 -2.408931863828837 0.8212441426001078 0.7692727178022952 1.322201670377873 0.8963443569947716 -1.30077602025298 -1.4528306600185534 0.24165884914914915 1.594087509269271
2.142857142857144 0.375 2.142857142857147 -0.6735574064172428 0.2150591485601338 1.2165995121888293 1.574658834428396 -0.13461248439979928 -1.2956734495356654 -2.9491716870490547 -1.6056973845465417 -0.19788086919404596 2.4888731966874738
2.142857142857144 0.1607142857142857 -1.8750000000000033 -0.5187573991967903 -0.8903668524037305 -0.16771726016820077 3.454848487477227 -0.7916071032211026 1.2377241793232823 1.3636566308182614 0.22870330978932074 0.883149248893272 -2.729929189615555
2.142857142857144 0.05357142857142857 -1.8750000000000033 1.9802952173683952 -2.06597863120657 -1.9187404622886828 -0.9389483694188998 -1.102251297989871 0.24625263791942606 3.4525718292581145 2.6187952054498984 1.9483400978511052 -0.8443206074908066
2.142857142857144 0.26785714285714285 2.142857142857147 -0.3465423911640366 2.067006604720374 0.5645496417656918 1.027225566543751 0.22244980843786546 -2.011101019774362 -2.6045717308438405 -0.8124430302391418 1.0850999302941993 2.5591443239716263
2.142857142857144 0.375 2.142857142857147 -0.5042448985198728 -0.11672816486047768 1.0848143889925888 1.8469423969888212 0.054630530804163045 -1.0653645741848519 -2.7608851130400205 -1.8949047012211147 -0.9027283454561068 2.423286811222266
-1.875000000000001 0.0 2.142857142857147 -1.9206649645870162 2.7178201810454192 1.947720456529711 2.3829110938182905 -3.75522413377372 -2.628524813268032 -1.691559475743429 -0.2691464282004798 3.4689099342816183 0.7227255309457852
2.142857142857144 0.3214285714285714 2.142857142857147 -1.4968999448210267 1.2423237151124114 1.7254046834856185 2.1306905306044226 -0.41669169574155457 -2.2740778207068515 -2.1711573529362522 -0.5996690758285631 1.7345099646030642 2.1632836402709033
-1.875000000000001 -0.05357142857142857 2.142857142857147 0.04239262697735126 -0.43096903382134527 -0.040515967344003555 -0.8386333726861114 2.675467760232623 -0.9787945713934114 -0.7643369131706366 -0.5211699470168933 -1.5521383797649715 1.7580534729322925
-1.875000000000001 -0.1607142857142857 2.142857142857147 0.021107625984539188 -0.027400811247236152 0.9094828772619384 0.7893357171488532 1.9649137974856696 -1.1258002365109518 -2.963381994521435 -1.510672123353468 -0.22163977288827275 0.4884884399986114
2.142857142857144 0.21428571428571427 -1.8750000000000033 0.6644951559945463 -1.1057095798642236 -1.090213122541884 -0.3771843877152851 -0.5130985148077242 1.451699091883258 0.848532984944488 0.8360386748059239 -2.9182753421830108 -1.2823439675620212
-1.875000000000001 -0.375 -1.8750000000000033 -0.4384548954511802 -0.1326794780056994 -0.4186819730375631 1.5345328357352805 -1.7592459168111743 0.9241120937391957 -0.19947719114353357 0.6356593196813983 0.3525337330555408 -2.07640770587294
-1.875000000000001 -0.10714285714285714 2.142857142857147 -0.2459223864707422 0.2932205829717202 -0.17917683609830864 1.5259344074438985 1.0365518361077413 0.8947109607156876 0.6744567184078336 0.030389721212470782 -3.666680808551153 -0.43440569833325277
-1.875000000000001 -0.375 -1.8750000000000033 -0.02436487613646898 0.0555460171079167 -0.6352679581166017 0.10146145383830489 -2.198432537001502 1.3471617300218957 -0.4765781868549427 1.1107856256467683 0.3525337330555408 -0.9028798802276
2.142857142857144 0.1607142857142857 -1.8750000000000033 0.102377629775277 0.5117535730612575 -0.6765224314649899 0.8065325737316169 -0.5809403504468804 0.6268339709459473 0.9231370991744828 1.6933317920912647 0.16246250350172653 -1.2261270657346994
2.142857142857144 0.1607142857142857 -1.8750000000000033 0.102377629775277 0.12573179494689227 -0.606619018291332 -0.6895939489688258 -0.6773471695130499 0.682369444434796 0.7916917550549681 1.5425308341109523 1.8889428386155382 -2.1888415095275833
2.142857142857144 0.1607142857142857 -1.8750000000000033 -0.4877973977526997 -0.9382207918393954 -0.18605258165637337 3.254218494011651 -0.9701382496399351 1.3863632407199065 1.2819473628520768 0.1791249126451083 0.16642232078409766 -2.779118978714461
-1.875000000000001 -0.3214285714285714 -1.8750000000000033 1.054397674181062 -0.4915840237731877 -0.5974513575472458 -3.4640201443213705 -0.8415958242183756 0.7591390695517336 1.6833885489468106 1.3421514789864264 2.1859291347933727 -0.8302663820339762
2.142857142857144 0.26785714285714285 2.142857142857147 -0.2662398874184265 -1.4534482064300567 0.7536326446124715 2.483226090551078 1.0865405571050144 -0.11309454347900653 -2.203130544749107 -1.746169509788477 0.6455602119510043 1.9220194365953143
2.142857142857144 0.05357142857142857 -1.8750000000000033 1.7239077054095202 -0.3783297004421136 -0.7624692509407991 -3.782161991102499 -3.3088962677266394 0.6006996304806067 0.7987969087911582 1.9908021749565399 4.205435948802648 0.37136989452502456
-1.875000000000001 -0.3214285714285714 -1.8750000000000033 1.7103627047777306 -0.643121498652794 -0.6719386010929468 -4.470036254413048 -2.8161503036106623 0.0731126323365449 2.6106111115196025 1.3173622804143201 4.510341879545225 0.19334970540517263
-1.875000000000001 -0.05357142857142857 2.142857142857147 -1.071199924964781 -0.6495020239108826 0.761654347763547 0.574375009864307 5.403423677512382 0.1155809355927233 0.5963000273097439 -1.4528306600185534 1.0494615747528593 0.9054304618845805
-1.875000000000001 -0.3214285714285714 -1.8750000000000033 1.2420926829358607 -0.4947742864022321 -0.681106261837033 -4.040114839843955 -1.6771215894585112 0.5957994416433555 2.319299808335813 1.2182054861258953 2.9105756974672894 -0.6335072256383503
-1.875000000000001 -0.1607142857142857 2.142857142857147 0.08786512909835942 -0.4612765287972665 1.6016412634404535 0.06133545514518953 1.5828571441493684 -0.982061363951579 -2.249314044034342 -1.3454107995394262 0.05158761959533529 -0.25638550921340075
-1.875000000000001 -0.21428571428571427 -1.8750000000000033 1.6948827040556853 -0.2523143265948622 -0.7888262755800471 -4.20348497738021 -2.526929846412154 0.3034215076873583 1.5519432048272959 1.3029019145805916 3.4570304824345044 -0.7881037056634849
-1.875000000000001 -0.26785714285714285 -1.8750000000000033 1.78195770811719 -1.065831297001169 -2.3106579590983714 -0.6208065226377713 -2.127020078433969 1.8878158983986275 1.2997102471925517 1.507412802800468 -3.912189480058163 -1.223784694825228
-1.875000000000001 -0.3214285714285714 -1.8750000000000033 -1.2937249353441824 -0.20286525584467488 1.7231127682995968 -0.18228667977729623 1.3007779328076134 -0.06409265510649301 1.793518431857755 -0.9281259569089709 -2.4312178164513623 -1.125405116627415
-1.875000000000001 -0.21428571428571427 -1.8750000000000033 1.6590852023859555 -0.18691394269945316 -0.8174752154053166 -4.171957406978477 -2.5412123381256606 0.2560530155939284 1.3743143614225464 1.4619659387516066 3.377834136787082 -0.7927884474824284
-1.875000000000001 -0.05357142857142857 2.142857142857147 -0.01178737554980728 -0.45808626616822223 0.10502064696836633 -0.8701609430878449 2.7361683500150265 -0.560645123947963 -1.5672192853601041 -0.393092421061011 -0.9502461528445599 1.2239929055727368
-1.875000000000001 -0.3214285714285714 -1.8750000000000033 1.2043601811758753 -0.6144091349913949 -0.6341220005235909 -3.7936265621576752 -1.7092571958139011 0.6742024630393768 2.017330774547739 1.2884415487468632 2.474995796406465 -0.5257581638026505
2.142857142857144 0.375 2.142857142857147 -0.5506849006860086 2.0606260794622853 0.6355990125323605 1.087414564583424 2.3469704508219706 -0.28296775650371975 -1.1195945999801356 -0.8661529604787054 -2.268865307874145 1.816612745669086
-1.875000000000001 -0.26785714285714285 -1.8750000000000033 1.9957752180904405 0.2198445425037003 -1.8213340668827653 -2.4837993191038397 -3.2196306945172237 1.4141309774643307 0.6034051810459338 2.5217041777091485 -0.34835392592414893 0.02938374174215107
-1.875000000000001 -0.21428571428571427 -1.8750000000000033 1.5400826968352324 -1.233320085025997 -1.423686782108023 -2.6586340276952707 -1.4950198201113025 0.7607724658308176 2.2446956941058187 2.1953130631764166 2.811580265408011 -0.9754933784212239
-1.875000000000001 -0.21428571428571427 -1.8750000000000033 1.5913601992270074 -0.4086371954180349 -0.8220590457773598 -4.071642410245689 -2.455517387844621 0.30995509280369343 1.523522589882536 1.3814010433922614 3.5401866453642987 -0.7881037056634849
-1.875000000000001 -0.21428571428571427 -1.8750000000000033 1.148245178558461 -1.5459658226723425 -1.2907557013187716 -1.5838304912725387 -0.9344320203561686 1.0547837960658986 2.390351345697713 2.280009491631113 1.6553136189556417 -1.1324322293558302
-1.875000000000001 -0.375 -1.8750000000000033 0.09076762923374303 0.022048259502951178 -0.8575837311606943 -0.6637986640946805 -2.512647354698647 1.4402653179296712 -0.373553457680188 1.2925730818422143 0.7405958267279112 -0.3711616837775159
-1.875000000000001 -0.375 -1.8750000000000033 -0.09402487938567282 0.10020969391453752 -0.5080666652924044 0.548579724990161 -2.0306132593678 1.337361352347393 -1.1160420231120407 1.1686270889816828 -0.7641347405731173 -0.6733275310993698
-1.875000000000001 0.0 2.142857142857147 -1.8558424615634512 2.971446060054445 2.060024300644768 2.0447062476906037 -2.059178242794813 -2.5795229248955187 -1.7093223600839038 -0.12867430295854435 2.051295347192754 1.6456196692776495
2.142857142857144 0.21428571428571427 -1.8750000000000033 0.6548201555432678 -0.9095084281779965 -0.9710335328687622 -0.06190868369795081 -0.29886113910512513 1.2034228574625228 0.5216959130797492 1.1417721238619007 -3.1717036482547623 -1.0738729566190368
-1.875000000000001 -0.10714285714285714 2.142857142857147 -0.4626423965793759 0.8658727248851794 0.019073827492557333 1.7179659726180931 1.243647965953587 0.7166707662955553 -1.0947265619034707 -1.0892557476276616 -2.763842468170536 -0.1626906728345313
2.142857142857144 0.10714285714285714 -1.8750000000000033 0.13527263130962303 -0.5282720440071977 -0.9412386354504817 1.0243594237799567 -0.46668041673882765 1.5219351318838605 0.6566938340673587 1.185153221363087 -2.3718205572157944 -1.392435400307193
-1.875000000000001 -0.26785714285714285 -1.8750000000000033 2.108005223325269 0.22462993644726684 -1.7583063992671724 -2.3146968960399965 -3.562410495641382 1.3046934267657173 0.45419695258594434 2.796451128549993 -0.19392105191167483 0.31281062178823116
2.142857142857144 0.10714285714285714 -1.8750000000000033 -0.5526199007762641 1.6012282608799 -0.1917823696214273 0.7348790046367678 -1.2522174609816903 -0.055925673711073896 -0.16395142246258365 0.2948078393149375 -2.023356636367136 -1.230811807553643
2.142857142857144 0.05357142857142857 -1.8750000000000033 1.0321451731431217 -0.45489600353917786 -0.35909217820100214 -2.509594603977985 -2.155585061860982 1.0678509662985687 0.8343226774721081 1.844132750071578 3.4649501169992467 -0.31494478195019415
-1.875000000000001 0.0 2.142857142857147 -1.1379574280786013 1.6522724629446095 0.9828241632146287 1.8555408252802028 0.6509245598430632 -2.7983980262927455 -1.961555317718648 -1.6656046144291319 -0.3562735604888912 2.8870762512976693
2.142857142857144 0.10714285714285714 -1.8750000000000033 0.11689013045219414 -0.502749942974843 -0.9721794904617729 0.932642855338551 -0.523810383592854 1.4712998472322634 0.9195845223063879 1.3669406775585327 -2.292624211568372 -1.1909915020926236
-1.875000000000001 -0.3214285714285714 -1.8750000000000033 -1.2898549351636708 -0.0002835789003592296 1.4606884795001267 -0.7239876621343532 1.6435577339317715 0.2870875448965205 2.6070585346515074 -0.828969162620546 -1.2274333626105391 -1.3760388039408908
-1.875000000000001 -0.05357142857142857 2.142857142857147 -0.04177987694876972 -0.34961733678071455 0.004176378783417159 -0.7125230910791774 2.7611627105136622 -0.8399558876712899 -1.30077602025298 -0.5583537448750527 -1.2789109872813638 1.7158907965618013
2.142857142857144 0.10714285714285714 -1.8750000000000033 0.16139513252807458 -0.5378428318943307 -0.9813471512058591 0.9956979961420173 -0.43811543331181446 1.4435321104878387 0.7526134095059235 1.3359541793434 -2.280744759721259 -1.188649131183152
-1.875000000000001 -0.26785714285714285 -1.8750000000000033 1.666825202746978 -1.1041144485497012 -2.1055315499494407 -0.2854678192738786 -1.9234945715165002 1.913950238863968 1.814833893066325 1.5239389351818724 -3.5835246456213596 -1.542347138513384
-1.875000000000001 -0.375 -1.8750000000000033 -0.4684473968501431 -0.10875250828786683 -0.3338811111547648 1.680706116688772 -1.8270877524503306 0.9453462453672851 -0.682627645204452 0.7761314449233339 0.015949264053995115 -1.8819909203867857
2.142857142857144 0.26785714285714285 2.142857142857147 -0.014689875685190453 0.38254793658496167 0.15085895068879784 0.3307528749418206 2.0149025184829426 -1.2401379760468167 -1.929582125905793 -0.2443572296283735 0.25749811827863367 2.1796802366372052
2.142857142857144 0.05357142857142857 -1.8750000000000033 0.6199901539186659 -0.4054469327889905 -0.4622283615719729 -2.3662874657882877 0.10461925180143597 0.9796475672280444 1.1576071724687522 1.0405495630258004 1.9681391842629608 -1.303425305747267
2.142857142857144 0.05357142857142857 -1.8750000000000033 1.3117526861850646 -2.30843859101394 -1.4259786972940443 0.43680015720219717 -0.10247687804440962 0.3377228295481176 3.569806865905249 2.317193289489272 0.9306670562817255 -1.1277474875368867
-1.875000000000001 -0.375 -1.8750000000000033 -0.1810998834471774 0.19591757278586774 -0.3178377048526138 0.554312010517749 -2.080601980365073 1.366762485370901 -1.002359563333001 0.6707773509918823 -0.15828269637033465 -1.0504492475243195
2.142857142857144 0.26785714285714285 2.142857142857147 -0.28945988850149446 1.0110296745066967 0.5003760165570877 0.9154459987557871 1.6399871110033948 -1.3708096783735193 -2.4731263867243265 -0.9653097547671302 -0.49882698265425146 1.8400364547638035
-1.875000000000001 -0.1607142857142857 2.142857142857147 0.011432625533260663 -0.14863079115092104 1.571846366022173 0.26483159137455997 1.5542921607223552 -1.0767983481384382 -2.7004913062824056 -1.4507648934708777 0.42777026142059227 0.09262775629788796
-1.875000000000001 -0.05357142857142857 2.142857142857147 -1.4968999448210267 0.052355754478872446 1.4962131648834611 0.8380601441333501 4.6428809937681566 -0.12289492115350924 -0.1426359612540137 -1.2049386742974906 1.0850999302941993 0.7789424327731067
2.142857142857144 0.375 2.142857142857147 -0.5168223991065345 1.818166119654915 0.5210032532312818 1.2393201310645037 2.1041680916923595 -0.08369341045549841 -0.30250192031828826 -0.992164719886912 -2.1738296930972383 1.4839960765240994
-1.875000000000001 -0.1607142857142857 2.142857142857147 -0.1336923812359138 -0.07844501331194556 1.6772744645791653 -0.0561763981703629 1.454314718727809 -1.516181947211976 -2.6933861525462155 -1.169820642987007 -0.4196306370068293 0.12307857812102052
2.142857142857144 0.1607142857142857 -1.8750000000000033 -0.7296724090346572 -0.4086371954180349 0.011052124341481884 2.2969268109044716 -0.9808501184250651 1.2981598416493823 1.74733493257252 -0.5790114103518079 0.5742835008683239 -2.2848787168159244
-1.875000000000001 -0.05357142857142857 2.142857142857147 -0.6000274029875277 -1.1057095798642236 0.20242704237428322 0.2906268762487052 5.11777384324225 0.04697829187120434 1.1043185194473273 -1.8763128022920348 0.3168953775142006 0.8304745927814849
-1.875000000000001 -0.10714285714285714 2.142857142857147 -0.3658923920665928 0.5468464619807452 0.05918234324793489 1.7666903996025907 0.9508568858267016 0.9502464342045362 -0.10000503883687385 -0.4158158530854418 -3.642921904856926 0.09731249811683143
2.142857142857144 0.10714285714285714 -1.8750000000000033 -0.11821238051386848 0.9296779774660661 -0.4289955913746602 1.0214932810161632 -1.2093699858411706 -0.1947643574331956 -0.1426359612540137 0.6480539189674515 -1.6194552735652807 -1.3619845784840603
-1.875000000000001 -0.05357142857142857 2.142857142857147 -0.06596737807696582 -1.5651073984466084 -0.1138572532966939 -0.21094810741523579 4.325095553142634 -0.04449189975748759 0.9480051372511478 -2.3390445089713516 1.3187291499540958 -0.04557212736094449
-1.875000000000001 -0.26785714285714285 -1.8750000000000033 1.6987527042361967 -1.1073047111787455 -2.1192830410655703 -0.672397092386062 -2.166296930646112 1.9498849570038117 1.9320689297134597 1.8813165479297376 -3.3855337815028035 -1.5493742512417992
2.142857142857144 0.10714285714285714 -1.8750000000000033 0.08206012882759223 -0.45489600353917786 -0.9171735259972553 1.1189421349851576 -0.47025103966720433 1.572570416535458 0.47906499066260927 0.9372612356420245 -2.1381913375558983 -1.6805470221722165
-1.875000000000001 -0.3214285714285714 -1.8750000000000033 -0.9309124184212462 -0.2618851144819952 0.9518833082033376 -2.145594472976153 2.3826766801057375 0.5516977421080932 2.642584303332457 -0.3083959926063147 -0.8037329133968285 -1.4720760112292322
2.142857142857144 0.21428571428571427 -1.8750000000000033 0.7380251594242615 -1.0195724888800262 -1.0936509953209164 -0.23387724952558742 -0.27743740153486535 1.2197568202533604 0.6673515646716437 1.067404528145582 -2.6727666706760007 -1.3596422075745886
-1.875000000000001 -0.26785714285714285 -1.8750000000000033 1.8748377124494617 -0.998835781791238 -2.372539669120954 -1.039263366151688 -2.4448055190594906 1.7522440072346739 1.4240504375758762 1.7532390219738552 -3.183583100101876 -1.5610861057891579
-1.875000000000001 0.0 2.142857142857147 -1.919697464541888 3.1038419591597846 2.096694943621113 1.8125486838232938 -2.1234494555055927 -2.3296132941957 -2.3629965038133816 0.0737708187136567 2.5383528729244027 1.1701183746548869
2.142857142857144 0.21428571428571427 -1.8750000000000033 0.17300513306960855 0.6266030277068538 -0.4393092097117573 -0.6007435232912135 1.2150829825265737 -0.1375954876652631 1.519970013014441 -0.41375008653776624 0.6178414909744063 -1.6547809421680273
-1.875000000000001 -0.21428571428571427 -1.8750000000000033 1.4762276938567955 -0.13746487194926593 -0.891962458951018 -4.080240838537071 -2.05203699693806 0.2527862230357608 1.2854999397201718 1.4722947714899846 3.0452094850679075 -0.8981951384086565
-1.875000000000001 -0.21428571428571427 -1.8750000000000033 1.0466576738200393 -1.5682976610756527 -1.2380416520402757 -1.3631374984604046 -0.8773020535021422 1.1527875728109256 2.5111389592129427 2.30893022329857 1.540478917766879 -1.1675677929979063
-1.875000000000001 -0.21428571428571427 -1.8750000000000033 1.2740201844250791 -1.5172534590109432 -1.3835782663526452 -1.8675786248881399 -0.9487145120696752 1.0041485114143014 2.187854464216299 2.339916721513703 1.845384848509456 -1.090269552985339
-1.875000000000001 -0.10714285714285714 2.142857142857147 -0.2768823879148328 0.3362891284638187 -0.059997246425186876 1.732296686437063 0.8865856731159218 0.9633136044372065 0.5359062205521291 -0.2154364979609162 -3.571645193774247 -0.23764654193762688
2.142857142857144 0.05357142857142857 -1.8750000000000033 1.9261152148412366 -2.037266267545171 -1.8007068302085714 -1.2398933596172645 -1.3486242800478598 0.1792833904769907 3.35665225381955 2.0878932026972894 1.1128186512707974 -1.001259458425413
-1.875000000000001 -0.375 -1.8750000000000033 -0.03016987640723575 0.1863467848987347 -0.8151833002192951 -0.7469168042447049 -2.5197886005554007 1.4990675839766872 -0.4659204562506577 1.0777333608839599 0.11890451339564408 -0.3453956037733268
2.142857142857144 0.05357142857142857 -1.8750000000000033 0.4274576449382278 -2.2334674192313977 -0.5997432727332673 1.7896195417129421 0.2652972835783853 0.38182452908338 3.36375740755574 1.2306000854119485 -1.017563046644869 -1.4603641566818732
-1.875000000000001 -0.05357142857142857 2.142857142857147 -0.28171988814047183 -1.392833216478214 0.06262021602696725 0.004012599869310454 4.542903551773611 -0.22906567929395505 0.862743292416868 -2.1448624534898526 0.8593903451990451 0.28938691269351385
2.142857142857144 0.1607142857142857 -1.8750000000000033 0.16816763284396907 0.4559239770529816 -0.7338203111155293 0.5399812966987795 -0.5916522192320104 0.5533311383871772 0.9870834828001928 1.530136234824899 0.518846058915128 -1.3994625130356082
2.142857142857144 0.26785714285714285 2.142857142857147 -0.5410099002347302 -0.9956455191621936 0.7845734996237628 1.1848634185524183 1.9006425847748898 0.4651277393166528 -2.7928583048528752 -1.8494578371722532 1.5483985523316213 1.4207520619683625
-1.875000000000001 -0.05357142857142857 2.142857142857147 0.4651901466982133 -0.756375821983868 -0.30981600170153845 -1.3602713556966106 2.725456481229896 -0.08369341045549841 -0.24210811356067338 -0.00266254355033758 -1.3699867847758997 0.8585830436951458
2.142857142857144 0.375 2.142857142857147 -0.42974739504502985 1.4018368465646287 0.4064074939302032 1.359698127143849 1.6756933402871614 0.061678858382958224 0.6282732191225987 -0.9859674202438855 -2.1857091449443518 1.1982268255685475
2.142857142857144 0.21428571428571427 -1.8750000000000033 0.7244801587924716 -1.1487781253563218 -1.2116846274010273 -0.9418145121826937 -0.8166014637197392 1.5105013579302737 1.76865039378109 0.6542512186104781 -1.1046790268570341 -2.1982109931654703
2.142857142857144 0.10714285714285714 -1.8750000000000033 0.022075126029666912 -0.3623783872968919 -0.9297790595203739 1.3281705567421158 -0.3381379913172683 1.5186683393256926 0.41511860703689946 0.7926575773047378 -2.2530260387446606 -1.7039707312669339
-1.875000000000001 -0.1607142857142857 2.142857142857147 -0.3339648905773745 -1.9670804897061955 1.1444041838291497 0.9441074263937261 0.9294331482564416 0.6268339709459473 -2.068132623761498 -1.6263550500232968 1.041541940188117 1.4394910292441363
-1.875000000000001 -0.10714285714285714 2.142857142857147 -0.17626238322153834 -1.0785923475173465 -0.0955219318085213 -0.5978773805274196 2.1541568126896324 -0.18823077231686045 4.049404743098073 -2.6117256932645203 -1.6748927155184765 0.3549732981587225
2.142857142857144 0.3214285714285714 2.142857142857147 -0.7993324122838611 2.599780463770779 0.9255262835640895 -0.3943812442980488 1.2186536054549504 -2.1025712114030544 -1.304328597121075 -1.2028729077498153 -0.7443356541612616 2.3623851675760004
2.142857142857144 0.10714285714285714 -1.8750000000000033 -0.3339648905773745 1.1466158362410814 -0.29491855299239816 0.6402962934315676 -1.2307937234114306 -0.09349378813000112 0.12025472698501542 0.41049076598476664 -0.7126571159022925 -2.095146673148714
2.142857142857144 0.10714285714285714 -1.8750000000000033 -0.43264989518041347 1.3077240990078207 -0.2295989701907833 0.48265844142290043 -1.2129406087695471 0.011043573731361086 0.03144030528264074 0.37743850122195827 -1.0809201231628072 -1.7039707312669339
-1.875000000000001 0.0 2.142857142857147 -1.9264699648577832 2.9012602822154694 2.0405430215635847 2.190879528644095 -3.2446250550158595 -2.3688148048937108 -2.1178686999148275 -0.0728986061713053 3.0056113122441963 0.9827287018971479
-1.875000000000001 0.0 2.142857142857147 -1.3585474383677463 2.07179199866394 1.2143075970028077 0.31355601835905683 0.6652070515565698 -3.1022097342023294 -2.231551159693867 -0.8558241277403278 0.13870359980749974 2.570856178518985
2.142857142857144 0.21428571428571427 -1.8750000000000033 0.19235513397216517 0.5372756740936122 -0.5023368773273504 -0.7727120891188505 1.1329586551739108 -0.281334360224636 1.9427266603177447 -0.36210592284587817 0.9465063254112098 -1.284686338471493
2.142857142857144 0.26785714285714285 2.142857142857147 -0.33880239080301394 -1.3513598023006377 0.691750934589889 1.6491785462870387 1.4828797021548221 0.3442564146644527 -2.6116768845800307 -2.0085218613432683 1.4216843992957453 1.0529998291812999
2.142857142857144 0.3214285714285714 2.142857142857147 -0.8448049144048688 2.7561033325939515 0.8155143546350541 0.34508358876079065 0.47239341342423086 -1.8297940327960625 -1.7199800906881884 -1.5974343183558395 0.9425465081288387 1.7205755383807448
-1.875000000000001 0.0 2.142857142857147 -1.2124549315534443 2.8135280599167496 1.1306526927130203 0.6460285789591556 -0.08819438633090301 -3.156111811412094 -3.144563414794279 -1.3350819668010485 1.2038944487653331 2.8659949131124236
2.142857142857144 0.05357142857142857 -1.8750000000000033 -0.21883238520716292 -1.9128460250124415 0.013344039527503395 1.3510996988524675 1.0186987214658578 0.2119513160586664 2.1487761186672536 0.22250601014629418 -1.0967593922922918 -1.4720760112292322
2.142857142857144 0.21428571428571427 -1.8750000000000033 0.21364013496497725 0.14327823940663614 -0.34304877189885113 -0.6150742371101833 1.1329586551739108 -0.42997342162126034 2.067066850701069 -0.2836067940342084 1.7701483201444044 -1.4018048839450798
-1.875000000000001 -0.1607142857142857 2.142857142857147 -0.08144737879901112 0.18156139095516818 1.4194340061517383 0.43680015720219717 1.5542921607223552 -1.21563703186056 -3.180089183475229 -1.5437243881162763 0.3644131849026542 0.4955155527270266
2.142857142857144 0.1607142857142857 -1.8750000000000033 -0.19077488389845593 -1.1487781253563218 -0.4278496337816494 2.744045082056328 -1.3414830341911064 1.6052383421171337 1.3352360158735015 0.12541498240554472 -0.4196306370068293 -2.8142545423565375
-1.875000000000001 -0.375 -1.8750000000000033 -0.44909739594758646 -0.22041170030441878 -0.4805636830601455 1.7609581140750026 -1.680692212386888 0.89144416815752 -0.053821539551639014 0.6253304869430207 0.22581958001966462 -2.2567702659022633
