-1.875000000000001 -0.3214285714285714 -1.8750000000000033 1.2941282554944042 -0.26927364675662263 -0.36605092726527155 -4.599919433858151 -2.0181033140471833 -0.002081511968476603 1.216209817004305 1.320650887108185 2.198235985132471 -0.3025391557639857
2.142857142857144 0.21428571428571427 -1.8750000000000033 0.7434329473950725 1.042008515749176 -0.1119811748553306 -2.94751718661584 2.6788726671086036 -0.2788103230471369 1.470469709060954 0.544139318946696 -0.8564109661995851 -2.1614496120693123
-1.875000000000001 -0.375 -1.8750000000000033 -0.7573404343036677 -0.25378606216009747 -0.12924805123270525 1.910710385559141 -1.3955237526233968 1.3131576687761675 -1.0304472619880531 1.0602637744312784 -0.7190047019528149 -1.997087666368592
2.142857142857144 0.05357142857142857 -1.8750000000000033 1.7573299165125338 0.011223718713777812 -0.22174917468292643 -3.0025056141447024 -1.870747204834453 0.4145663608915291 -0.15095812716915227 1.5322154161581714 4.898797563213234 -0.21920070442277553
-1.875000000000001 -0.375 -1.8750000000000033 -0.6832281685407668 -0.3346656706086179 -0.3031501633191212 1.67975898993792 -1.3255296007473496 1.2758459189678089 -0.10510798269992054 0.8812476344659053 0.2534088604089474 -2.193859009813116
-1.875000000000001 -0.1607142857142857 2.142857142857147 -0.5720597698964157 -2.3136348134979463 1.3791369351622356 1.113378186390638 1.4484491551823029 0.9928984829210887 -2.2975785273195504 -1.6645013689377777 1.1729738595988743 1.280891419719007
-1.875000000000001 -0.3214285714285714 -1.8750000000000033 -1.385236019239355 -0.554933540425865 1.559205788812 -1.193386348445134 2.782021943557514 0.6648660158559351 3.4295213363826766 -0.09520403807249371 -1.5170180058475213 -1.5665056677723397
-1.875000000000001 -0.3214285714285714 -1.8750000000000033 1.0131192478100721 -0.2279734211658889 -0.6373875560525871 -3.6403713734795047 -1.1229149505798453 0.1331735810868238 0.8327358814434572 0.9184457934197491 1.3790832559690303 -0.6196882622569243
-1.875000000000001 -0.375 -1.8750000000000033 -0.7151376162997938 -0.30885302961440925 -0.2118823881815695 1.8199794801365183 -1.3955237526233968 1.2960564501140033 -0.6719824961376956 1.0393398100197415 -0.195803926551649 -2.0017175803319924
-1.875000000000001 -0.05357142857142857 2.142857142857147 -0.5164755705742403 -1.6941314296369394 0.21485612800211779 0.21156797491729717 5.176558718264387 0.1782586121052571 1.1411823078728347 -2.2480474875262018 0.929870469008434 0.14424754170416873
2.142857142857144 0.26785714285714285 2.142857142857147 -0.798513915283057 -1.1847619806845555 0.9992656548599939 1.3003388399887699 2.5720394879293735 0.8156676713313851 -3.452168528953842 -1.8714161281185335 1.9974114450794986 1.3341354302981134
-1.875000000000001 -0.10714285714285714 2.142857142857147 -0.1665009822494314 0.7752778921423535 -0.04661371428384087 0.7257097723121595 0.8516569128707443 -0.12023538636161242 -1.534798851149603 -0.5997040688839997 -3.990330762289394 1.5610012145047412
-1.875000000000001 -0.1607142857142857 2.142857142857147 -0.3744270611953473 0.7666736784776172 1.3051360364020588 1.055640337485333 0.23644515690759424 -2.33562053123291 -2.2142146282845836 -0.483459822153238 2.1559571345950035 0.40815263761800086
-1.875000000000001 -0.3214285714285714 -1.8750000000000033 -1.2071607140034961 -0.47405393197734447 1.1719344186337401 -1.8504980574150378 2.9477975664218365 0.9213842957884012 3.2294479786987558 -0.1812247806532574 -1.2897691842086316 -1.5966001085344432
2.142857142857144 0.1607142857142857 -1.8750000000000033 0.33890349677257237 1.2639972282993703 -0.9605248139720266 -1.3940941089254812 0.4648471261873266 -0.7420978831675907 2.345790648928107 0.5487890888159265 -0.08482194389079621 -0.7771053370125435
-1.875000000000001 -0.375 -1.8750000000000033 0.848425323892515 0.9473621654370774 -1.4415306559131773 -2.378386961692116 -2.736464346459245 1.1079430448301948 -2.2392237979950735 1.3857476652774114 -1.664993982728659 -0.3997673489953975
2.142857142857144 0.375 2.142857142857147 -0.45265667505618706 2.236273372414562 -0.08238081535125977 0.5689927538549017 -0.6550593038294256 -1.3763976299096887 -1.4472667571628879 -0.29281925751478877 -0.2697919149922179 2.37355111508154
-1.875000000000001 -0.21428571428571427 -1.8750000000000033 1.4217660465305109 -1.522047156342215 -1.3847966335303747 -2.3426444837983555 -1.0529207987037983 1.1203802947663144 2.7626101441029416 2.636535760100408 3.535304633379894 -1.1058292284139835
2.142857142857144 0.21428571428571427 -1.8750000000000033 0.5540349348898815 -1.4308424914960112 -1.1566271956864957 -0.6957410793089305 -0.352979279943328 1.8339675098511743 2.204072020568663 0.9021715988774425 -1.6914182643145765 -2.3142367728615305
2.142857142857144 0.375 2.142857142857147 -0.6616120910265876 -0.44135792005134683 1.3026693397767193 1.910710385559141 0.7264042200399234 -0.41717472858646715 -3.5397006229405568 -1.9853354899146802 -2.093067344420522 2.2809528358135287
2.142857142857144 0.10714285714285714 -1.8750000000000033 0.9482710152675341 0.5171514822002671 -1.17512742037654 -1.2153817194566787 -3.2043199932096647 -0.8213853515103531 0.11163815479099344 1.7251808657312357 0.12657230879654352 -0.17290156478876992
-1.875000000000001 -0.26785714285714285 -1.8750000000000033 1.7645352756839268 -1.329312770252124 -2.3270747444099618 -0.7204858716969185 -2.0770457577322756 2.214858289144836 2.5625367864190207 2.8434505192811637 -4.333846422906322 -1.6290095062782473
2.142857142857144 0.26785714285714285 2.142857142857147 0.4140450995599578 -2.4272104338724643 -0.04291366934583201 1.4213133805522669 1.6326442916982162 0.6026797661753375 -2.397615206161511 -2.1434276654685163 0.9827190321802689 1.3966392688040212
2.142857142857144 0.21428571428571427 -1.8750000000000033 0.6415285819710838 1.035125144817387 -0.06634728728655474 -2.722064633747505 2.7488668189846504 -0.16842972986407578 1.3537602504120005 0.3720978337851687 -0.7612835524902828 -2.1591346550876116
2.142857142857144 0.375 2.142857142857147 -0.3219308729466258 1.945450950546478 -0.36111753401459307 1.3553272675176322 -0.34929537721300974 -1.2287052869182686 -1.6348355299915633 -0.7554713595032205 0.142426877748094 2.276322921850128
-1.875000000000001 -0.1607142857142857 2.142857142857147 -0.10782877185380126 -3.026063704938105 0.9856988234206281 1.1683666139195004 1.7505291790684008 1.2136596692872113 -1.0387836518915499 -1.3529667876993363 -1.0572355062525578 1.1466239147803907
-1.875000000000001 -0.21428571428571427 -1.8750000000000033 1.1994292492418088 0.694398283693833 -0.573253443793767 -2.4718672884911816 0.42432419615382566 -0.2819196355311667 1.1286777230175897 1.0300402702812805 1.262816416990994 -1.5549308828638382
-1.875000000000001 -0.375 -1.8750000000000033 0.6456459300690227 0.6290062598418378 -1.3687631054656697 -1.7625165733688581 -2.4785911553369666 1.0099997015832534 -2.1058415595391264 1.639160123150472 -1.8341093848785308 -0.23540540329467752
2.142857142857144 0.26785714285714285 2.142857142857147 0.11862537353283963 1.7733666772517536 0.5527935656735927 -1.3720987379139364 -0.8024154130421562 -1.7588430654453653 -1.3889120278384108 -0.002208640687884263 2.1348177093262692 1.4822926771269318
-1.875000000000001 -0.05357142857142857 2.142857142857147 -1.356414582553782 -0.8922187160835243 0.9671985987305838 0.7587028288294769 6.0643792762710875 0.5062910791704108 0.8285676864917089 -1.469211034430098 1.1835435722332415 0.7530812278913428
-1.875000000000001 -0.26785714285714285 -1.8750000000000033 1.7593885905615032 0.5963102479158401 -1.403296858220419 -0.4290472057939485 -2.2465052833269157 0.9664693268068348 0.20333844372945706 2.3738237624888865 0.6233488026117916 0.08868857414336195
2.142857142857144 0.375 2.142857142857147 -0.7532230862057288 -0.3174572432791455 1.3150028229034159 1.9794459199702192 0.5458929862543285 -0.6177253838063951 -3.110376542910477 -1.9667364104377583 -1.421890592138219 2.2531733520331256
2.142857142857144 0.375 2.142857142857147 -1.1505471776568352 0.7374193520175142 1.5666058786880173 1.05289091610889 0.26960028148045867 -0.9877335694059522 -4.189939035413299 -1.2483469656416506 1.0778464458895716 2.223078911271022
2.142857142857144 0.05357142857142857 -1.8750000000000033 0.259644545887248 0.002619505049041593 0.5860939701156723 -1.5920524480293854 0.13697978318900114 0.4052384234394394 -1.3055481288034438 -0.4881095920224685 0.8823067621537826 -1.1706480239015913
-1.875000000000001 0.0 2.142857142857147 -1.5406659099365492 1.1745134061861136 0.6711950036898758 0.601985810372219 0.015410993088498418 -1.7697256591394699 -0.050921448327192 -0.8321925623455233 0.6180639462946081 1.5332217307243379
2.142857142857144 0.05357142857142857 -1.8750000000000033 0.2380284683730687 -2.601015549900136 -0.4980191967209205 1.9244574924413569 0.7632432473431061 0.759700046618847 4.07559155390367 1.5508144956350933 -1.5751514253365397 -1.585025323625942
2.142857142857144 0.1607142857142857 -1.8750000000000033 0.26993791613209556 1.1142839105329598 -0.6386209043652569 -2.375637540315673 1.2974091432392545 -0.7607537580717701 1.145350502824583 1.013766075738974 -0.7824229777590163 -0.7331211543602381
-1.875000000000001 0.0 2.142857142857147 -0.8479220924583243 0.5911477197169984 0.6095275880563951 0.8521831556285423 0.08908904769486366 -2.1319605635289522 -1.701526649219537 -1.1948746121455 0.8136036300303972 2.4267951256606466
-1.875000000000001 -0.05357142857142857 2.142857142857147 -1.8093228733270645 -0.13504791358673773 1.757774867151808 1.011649595462243 5.279707994713298 0.2793112678362285 -0.03841686347194695 -1.1902248422762696 1.2311072790878927 0.6280735508795275
-1.875000000000001 -0.375 -1.8750000000000033 0.6940247702198052 0.7184900819550945 -1.4637309255412303 -1.7652659947453015 -2.6112116536284242 0.9509227643866853 -2.093336974683881 1.5043167969427884 -1.823539672244164 -0.3233737685992882
-1.875000000000001 -0.1607142857142857 2.142857142857147 -0.7861618709892402 -1.8111487354773517 1.55797244049933 0.38478152163321316 1.573701848013124 1.0271009202454175 -2.885294015516067 -2.0388078434108308 1.0249978827177368 1.7739772568211671
-1.875000000000001 -0.05357142857142857 2.142857142857147 0.4912453763963129 -0.35359494067103747 -0.33151717451052237 0.12358649087111746 0.19960612960441157 -1.0343732566664006 0.03244245070777493 -2.013234109130063 1.0884161585239385 1.642024708864251
2.142857142857144 0.1607142857142857 -1.8750000000000033 -0.12121015317210314 1.3465976794808376 -0.32411708463450467 -1.6195466617938166 1.249518407745117 -0.5197820405594535 0.6493353035665299 0.43719461195439524 -1.0096717993979065 -1.0479553038714764
-1.875000000000001 -0.10714285714285714 2.142857142857147 0.05583581503927101 0.6599814290348882 -0.23654935443496183 0.9429140610511654 0.6269388463213301 0.00724642548361308 -1.1096429660712717 -0.8066188280647558 -2.8118078035574765 1.1188444309999874
-1.875000000000001 -0.1607142857142857 2.142857142857147 0.2472925015934312 0.07489489983282584 0.8549639022776487 1.113378186390638 0.6048354299394205 -1.9485111269711886 -1.5764808006670863 -1.4552617248224065 1.3896529686033974 0.926703001518864
-1.875000000000001 -0.3214285714285714 -1.8750000000000033 -1.5931620981852708 -0.41038275085829656 2.001977833060392 0.03285558544849494 1.8315750391354026 0.3352788925487666 2.233249385230901 -0.8786902610378281 -3.461845130571046 -1.2539864752428016
-1.875000000000001 -0.26785714285714285 -1.8750000000000033 1.1953119011438698 0.5188723249332143 -1.149227105810478 -0.05237647722124195 -1.9591608703620913 1.3411414811324365 -0.2468266110593643 2.236655551346588 -0.7982775467105667 -0.18910626366067185
-1.875000000000001 -0.21428571428571427 -1.8750000000000033 1.0378233363977059 0.403575861825749 -0.5103526798476167 -2.1914263080939844 0.13697978318900114 -0.08603294903728358 0.999463679513391 1.1021117032543526 0.4119545499244519 -1.1868527227734933
-1.875000000000001 -0.05357142857142857 2.142857142857147 -0.855127451629717 -1.3843797377064357 0.365324622147811 0.48651011256160814 5.769667057845626 0.440995517005783 1.4246195645917223 -1.9458124460262212 0.20584515355429595 0.6790026044769338
2.142857142857144 0.10714285714285714 -1.8750000000000033 1.0326766512752823 0.3519505798373317 -1.1060599148670416 -1.044917594117206 -2.8469814283687924 -0.8897902261590106 0.28253414781267566 1.3996969748851027 1.5587683707532691 -0.7099715845432353
-1.875000000000001 -0.1607142857142857 2.142857142857147 -0.23958391098784715 -2.790308250524333 1.0313327109894037 0.9456634824276082 1.8536784555173118 1.2494167628535549 -1.3972484177419076 -1.469211034430098 0.10543288352780955 1.4336785805112258
-1.875000000000001 -0.26785714285714285 -1.8750000000000033 1.5905773185460073 -1.386100580439383 -2.1334390593208323 -0.43729546992327756 -1.7454945120036318 2.252170038953195 2.3958089883490867 2.2831532500388927 -4.735495503012266 -1.6729936889305523
2.142857142857144 0.05357142857142857 -1.8750000000000033 0.34507951891948097 0.23493327399691932 0.30119050988899093 -1.5810547625236129 0.2769680869410952 0.5638133601249636 -0.9387469730495897 0.3418743296351706 1.0989858711583056 -1.2308369054257988
2.142857142857144 0.3214285714285714 2.142857142857147 -0.17267700439633957 1.5496571219686124 0.44795895909667527 0.8136912563583386 -2.9390789966267494 -1.5303085978691684 0.407579996365126 -1.578480626357014 2.5100425078462973 2.5633775875809635
2.142857142857144 0.1607142857142857 -1.8750000000000033 -1.1701045811220452 -0.14881465545031566 0.19018916174872544 1.6027751913975126 -0.23509439257314355 1.2058863880771362 2.5667049813707687 -0.9972593927032052 1.6591806407797556 -2.071166289783001
-1.875000000000001 -0.1607142857142857 2.142857142857147 0.09495062196969065 0.07489489983282584 0.9585651605418964 1.4653041225753567 0.16645100503154728 -2.1552804071591765 -2.2142146282845836 -0.8019690581955253 1.870574893467095 0.9915217970064719
-1.875000000000001 -0.3214285714285714 -1.8750000000000033 -1.264803587374641 -1.422238277831275 1.7713416985911739 -0.01663399932748114 1.3821389060365745 0.17670395586324214 2.112371731630199 -1.0274828968532033 -5.179423433655679 -1.2030574216453953
2.142857142857144 0.21428571428571427 -1.8750000000000033 0.6291765376772669 1.0540544148798066 -0.3648175789526019 -2.2986537417752655 2.3436375186496408 -0.39385488495624293 2.141549096292438 0.49531673531977616 -1.6491394137771085 -1.839670591612973
2.142857142857144 0.05357142857142857 -1.8750000000000033 1.8901143926710644 -2.4203270629406757 -1.9176031046036495 -0.6929916579324873 -0.647691498368789 0.6306635785316066 4.1797964276973785 3.1131371716965313 2.3832059562338936 -0.9761916374387678
2.142857142857144 0.10714285714285714 -1.8750000000000033 -0.0923887164865306 -0.7339011846523781 -0.8988573983385457 1.1023805008848662 -0.05089925605723029 1.796655760042816 1.2078734271008083 1.7042569013196986 -3.276875159469623 -1.3188052707304094
2.142857142857144 0.26785714285714285 2.142857142857147 0.2606738829117326 1.5943990330252407 0.5404600825468966 -0.13485911851453544 -0.8282027321543841 -1.511652722964989 -1.8682544472894709 -0.33466718633786297 1.838865755563994 1.5818358273400437
2.142857142857144 0.10714285714285714 -1.8750000000000033 1.0645860990343088 0.4655262002118498 -1.0505592407969087 -1.2593724614797686 -2.942762899357067 -0.9255473197253543 0.3283842922819074 1.3462246213889524 1.4266469628236818 -0.8511839604269524
2.142857142857144 0.10714285714285714 -1.8750000000000033 1.029588640201828 0.5033847403366891 -1.0838596452389884 -1.3693493165374933 -2.8138263037959286 -0.9737416632278177 0.21167483363295375 1.4392200187735618 1.093701014841122 -0.5942237354582212
-1.875000000000001 0.0 2.142857142857147 -2.278700556492102 2.6957383821114758 2.1610797653947724 2.204898472838554 -2.72541263826829 -2.032462564039996 -3.0436854236825037 -0.2393469040186383 5.289876930684812 0.39657785270949947
2.142857142857144 0.21428571428571427 -1.8750000000000033 0.5602109570367901 0.9043410971133965 -0.2686164105643719 -1.996217390366523 2.211017020358184 -0.5757496652719916 2.195735630665166 0.47439277090823906 -1.358472316332017 -1.6220646353331465
-1.875000000000001 -0.26785714285714285 -1.8750000000000033 1.6441028438192131 0.6255645743759433 -1.3921967234063926 -0.34656456450065504 -2.3864935870790096 1.0581940450857166 -0.1968082716383841 2.2947776747119684 -0.005549099133043812 -0.16595669384366907
2.142857142857144 0.375 2.142857142857147 -0.5874998252636868 -0.7166927573229056 1.3187028678414245 2.1444112025568054 0.6564100681638763 -0.46536907208893036 -3.6272327169272724 -1.824918429426229 -2.463007286623366 2.4985587920933554
2.142857142857144 0.26785714285714285 2.142857142857147 -0.5772064550188397 -1.6493895185803111 0.8919643516577371 1.7897358449956444 2.019454078381634 0.723942953052503 -2.9353123549370466 -2.094605081841596 1.6803200660484896 0.8989235177384606
2.142857142857144 0.1607142857142857 -1.8750000000000033 -0.4197178902726756 -1.4308424914960112 -0.3130169498204781 2.8400148107969136 -0.8945129813001128 1.9241375718880416 1.6955522364553646 0.30700105561594204 -0.7771381214418333 -2.923070459048705
2.142857142857144 0.10714285714285714 -1.8750000000000033 0.910185545361599 0.5756601351204732 -1.139360319309121 -1.220880562209565 -3.263262436894756 -0.7607537580717701 0.1033017648874968 1.578713114850476 -0.14295536337981407 -0.08030328552075863
2.142857142857144 0.3214285714285714 2.142857142857147 -1.880347128016511 1.2261386881745309 2.42624965261874 1.2206056200719198 0.28433589240173174 -1.7386325342991713 -2.622697733555921 -0.09055426820326323 1.4794955259955167 1.9776934712107919
2.142857142857144 0.1607142857142857 -1.8750000000000033 -0.7357243567894884 -1.2036912507469752 -0.052780455847188955 3.3294118158037875 -0.5113870973470134 1.7158136354580387 1.6330293121791397 0.3674480639159382 0.005020613501323175 -2.8883461043232006
2.142857142857144 0.10714285714285714 -1.8750000000000033 -0.04503921336023264 -0.7717597247772174 -0.9087241848399027 1.162867771166614 0.037514409470408024 1.7702266039285617 1.011968264368636 1.66938362730047 -3.261020590518073 -1.3164903137487092
-1.875000000000001 0.0 2.142857142857147 -2.259143153026892 3.1569242345413366 2.4040493829906873 1.9464528634529017 -1.7012876792398126 -1.8210293151259633 -2.643538708314663 0.24887893225056118 3.170649547494233 1.0146713668234748
2.142857142857144 0.3214285714285714 2.142857142857147 -0.035775180139870154 1.1521424506577993 0.201289296562752 1.1408724001550692 -2.8285619147172016 -1.0716850064747592 0.4159163862686227 -2.4712364412492644 2.5681759273353157 2.635141254013672
2.142857142857144 0.05357142857142857 -1.8750000000000033 -0.44956866398273276 -2.25512616057774 0.16182215055732424 1.5037960218455604 1.5405467234402597 0.5980157974492925 2.6500688804057355 0.4162706475428581 -1.6808485516802096 -1.5966001085344432
-1.875000000000001 -0.21428571428571427 -1.8750000000000033 0.8968041640432977 -1.8834241302611359 -1.1849942068778971 -1.099906021646068 -0.4156056263587385 1.4934977928499014 3.075224765484067 2.7644044315042455 1.838865755563994 -1.2956557009134066
-1.875000000000001 -0.26785714285714285 -1.8750000000000033 1.4773502458526866 0.3072086687807036 -1.2873621168294753 0.26105755969327327 -1.609190110981856 1.4546313867995275 0.16582468916372198 2.499367548958109 0.692051934735177 0.1581372835943704
2.142857142857144 0.21428571428571427 -1.8750000000000033 0.568445653232668 -1.2914542301272847 -1.0295923194815253 -0.01663399932748114 0.20329003233472984 1.557238698772514 0.9119315855266757 1.3671485858004895 -3.784221365919238 -1.4854821734128296
2.142857142857144 0.3214285714285714 2.142857142857147 -0.0306284950174466 0.9921040764937057 0.22842295944148358 1.7842370022427583 -3.8158478464424963 -0.7731910080078898 -1.08880199131253 -1.9597617556339124 3.1072312716880317 1.8364810953270747
2.142857142857144 0.375 2.142857142857147 -0.5545610404801753 2.2810152834711905 0.1803223752473685 1.248099833836351 -0.9902944522883877 -1.3204300051971507 -1.5431352410530996 -0.8019690581955253 -0.972677805177622 2.1883545565455176
-1.875000000000001 -0.3214285714285714 -1.8750000000000033 1.256042785588469 0.002619505049041593 -0.5140527247856255 -3.964803095899792 -0.6071685683352882 -0.08603294903728358 1.0703229936931127 1.046314464823587 1.643326071828205 -0.7956249928661457
2.142857142857144 0.26785714285714285 2.142857142857147 -0.7923378931361484 -1.265641589133076 0.9918655649839762 1.3443295820118597 2.450470697828871 0.8389875149616092 -3.147890297476213 -1.915588941876223 1.849435468198361 1.2623717638654048
-1.875000000000001 -0.26785714285714285 -1.8750000000000033 1.6976283690924192 0.5395224377285813 -1.3699964537783393 -0.3520634072535413 -2.2207179642146877 1.1934491381410168 0.33672068218540413 2.5807385216696423 0.877021905836599 0.05164926243615743
2.142857142857144 0.26785714285714285 2.142857142857147 0.09597995899417572 1.8525254429673268 0.567593745425628 0.36553557199811165 -1.7528623174642683 -1.3639603799735691 -1.0721292115055365 -1.1786004176031935 1.8969991750530124 1.9175045896865845
-1.875000000000001 -0.1607142857142857 2.142857142857147 0.32758078950324016 -0.08686431706421499 0.9462316774152003 0.6789696089126263 0.5090539589511458 -1.8956528147426808 -2.1100097544908745 -0.7740704389801425 1.3473741180659298 0.7530812278913428
-1.875000000000001 -0.3214285714285714 -1.8750000000000033 -1.5890447500873313 -0.19183572377399677 1.7195410694590498 -0.48678505469925365 2.1852297012459556 0.6695299845819801 3.1877660291812724 -0.7670957841762968 -1.8552488101472648 -1.5016868722847316
-1.875000000000001 -0.21428571428571427 -1.8750000000000033 1.1726664866052057 0.530918224063845 -0.6225873763005517 -2.425127125091649 0.11119246407677326 -0.22906132330265871 0.9702863148511526 1.0904872785812765 0.7237610726382777 -1.1775928948466923
2.142857142857144 0.26785714285714285 2.142857142857147 0.08053990362690461 1.5961198757581878 0.4343921276573095 0.5085054835731531 -0.6808466229416534 -1.5349725665952132 -0.2509948060111125 -1.2390474259031896 1.2311072790878927 1.9730635572473914
-1.875000000000001 -0.3214285714285714 -1.8750000000000033 0.9812098000510455 -0.16430224004684085 -0.5066526349096078 -3.7008586437612534 -0.9203003004123407 0.16737601841115246 0.9952954845616427 0.8463743604466767 1.1465495780129569 -0.8488690034452522
-1.875000000000001 -0.05357142857142857 2.142857142857147 0.3821356518009314 0.4655262002118498 -0.152681669173428 0.7422063005708183 -0.5408583191895594 -1.3250939739231955 -1.3805756379349141 -1.499434538580096 2.5258970767978477 0.9174431735920628
2.142857142857144 0.375 2.142857142857147 -0.9333570654905567 0.040478045173880955 1.4568378788604215 1.7182508892081234 0.35064614154746054 -0.8369319139305026 -3.3312908753531403 -1.6412525195916252 -0.48118616767955763 2.3179921475207332
-1.875000000000001 -0.26785714285714285 -1.8750000000000033 1.556609196738011 -1.3826588949734884 -2.1186388795687967 -0.06612358410345723 -1.4949891263419899 2.2179676016288656 2.258258554941391 1.8809481563504566 -4.999738318871441 -1.6660488179854516
2.142857142857144 0.10714285714285714 -1.8750000000000033 -0.129444849367981 -0.6822759026639608 -0.8396566793304044 1.2810928903536682 0.004359284897543617 1.8930444470477426 0.6910172530840134 1.2206808349197298 -3.0707657630994674 -1.8026312799057684
-1.875000000000001 -0.26785714285714285 -1.8750000000000033 1.7779166570022285 -1.2690832745989704 -2.4060090364208175 -0.7892214061079961 -2.0328389249684564 2.0640566336693866 1.7997571102490735 2.1390103840927477 -4.4659678308359085 -1.6845684738390538
-1.875000000000001 -0.26785714285714285 -1.8750000000000033 1.5813132853256446 -1.358567096712227 -2.163039418824903 0.010860214436950018 -1.6165579164424926 2.309692319907748 1.9789894931742522 1.5833628847197065 -5.184708289972862 -1.800316322924068
2.142857142857144 0.10714285714285714 -1.8750000000000033 -0.21385048537572893 -0.7012051727263805 -0.7656557805702273 1.3553272675176322 0.07066953404327232 1.642744792083336 1.1745278674868214 1.3067015775004935 -2.6056984071873197 -1.520206528138334
2.142857142857144 0.3214285714285714 2.142857142857147 -1.8093228733270645 1.1487007651919048 2.004444529685731 2.2516386362380874 0.059617825852317625 -1.768171002897455 -2.418456180920252 -0.5090335564340056 2.097823715105985 1.9962131270643941
-1.875000000000001 -0.21428571428571427 -1.8750000000000033 1.0048845516141942 -1.8593323319998745 -1.241728229260699 -1.3116114676321877 -0.4745480700438307 1.4002184183290045 2.9335061371246236 2.7318560424196323 1.992126588762315 -1.2609313461879024
-1.875000000000001 0.0 2.142857142857147 -2.266348512198286 2.9383772074570373 2.3436153156698762 2.3093764851433924 -2.8580331365597478 -1.858341064934322 -2.355933256644027 0.08381210189287944 3.794262592921885 0.8294748082874521
-1.875000000000001 -0.375 -1.8750000000000033 0.8731294124801486 0.9731748064312863 -1.5315650827380594 -1.8834911139323554 -2.5891082372465144 0.9618053580807898 -1.934945566517444 1.4438697886427923 -1.7231274022176775 -0.4483814456111034
2.142857142857144 0.1607142857142857 -1.8750000000000033 -0.7686631415729999 -1.152065968758558 -0.03304688284447507 3.521871312154805 -0.32719196083110014 1.5743399174346786 1.7288977960693515 0.4232453023467038 0.961579606911535 -2.839732007707495
2.142857142857144 0.05357142857142857 -1.8750000000000033 1.144874386944118 0.1282410245541904 -0.3265837812598439 -2.3701386975627865 -0.6403236929081525 0.5809145787871283 -0.2051446615418808 1.61591127380432 2.948685582172527 -0.9345224117681626
-1.875000000000001 -0.10714285714285714 2.142857142857147 0.2719965901810648 0.49478052667195294 -0.5831202302951239 0.5799904393606741 0.3764334606596882 0.021238331661747604 -1.4764441218251263 -0.7066487758763007 -0.9568232362260715 0.8919786467933597
2.142857142857144 0.26785714285714285 2.142857142857147 0.29773001579318303 1.441244029792936 0.5244265544821916 -0.6462514945329544 -0.5850651519533786 -1.858341064934322 -1.3055481288034438 -0.07195518872634132 1.611616933925104 1.7577725579492651
2.142857142857144 0.05357142857142857 -1.8750000000000033 1.1788425087521142 -2.6818951583486568 -1.3872633301557142 0.6267306027602073 0.3838012661203247 0.7177243280844432 4.317346861105074 2.7737039712427065 1.0249978827177368 -1.2563014322245019
-1.875000000000001 0.0 2.142857142857147 -2.239585749561683 2.5529084352768545 2.067345293631882 1.7127520464552373 -2.3128155324726443 -1.9796042518114876 -3.5730461825545436 -0.6671257319878416 5.7655139992313265 0.3572235840205946
-1.875000000000001 -0.10714285714285714 2.142857142857147 -0.4300112605175227 -1.1073240577019297 0.15072201574329774 -0.4785367905699243 2.9035907336580173 0.21246104942958594 4.338187835863816 -3.0803562941184564 -3.8476396417254404 0.5933491961540235
-1.875000000000001 -0.10714285714285714 2.142857142857147 -0.9560024800292212 -0.6358131488743853 0.7229956328219997 0.2033197107879675 2.910958539118654 -0.21506941712452418 2.9043287724623843 -3.033858595426152 -3.3402934352758247 -0.22614557536787638
-1.875000000000001 0.0 2.142857142857147 -1.4274388372432283 1.355201893145574 0.5540269139862624 0.5195031690789256 -0.2166748789215522 -1.5069887542389442 -0.7261690305104238 -1.34134236302626 1.2998104112112783 1.5494264295962397
-1.875000000000001 -0.375 -1.8750000000000033 0.8175452131579732 0.8079739040683509 -1.3514962290882948 -2.6808233131008583 -3.2743141450857114 1.1794572319628824 -2.151691704008358 1.392722320081257 -1.9186670859534667 -0.11271268326456257
-1.875000000000001 -0.1607142857142857 2.142857142857147 -0.7820445228913013 -1.8644948601987164 1.5148052495558937 0.5799904393606741 1.5479145289008962 1.045756795149597 -2.6685478780251533 -1.885365437726225 0.9774341758630855 1.5748909563949427
-1.875000000000001 -0.10714285714285714 2.142857142857147 -0.1613542971270074 0.9043410971133965 -0.1119811748553306 1.13262413602574 0.5643124999059198 -0.14666454247586652 -1.5306306561978544 -1.0158584721801271 -2.8910806483152283 1.4429384084380268
2.142857142857144 0.375 2.142857142857147 -0.4022191608564348 1.838758701103749 -0.06141389403587628 1.6275199837855003 -1.6460291382850387 -0.6985675083911722 -1.5264624612461062 -1.3366925931570297 0.09486317089344257 2.100386191240907
2.142857142857144 0.1607142857142857 -1.8750000000000033 -0.9930586129106715 -0.6323714634084908 0.15935545393198505 2.411105076071788 -0.5224388055379682 1.6318621983892314 2.179062850858173 -0.48578470708785326 0.5493608141712227 -2.399890181184441
2.142857142857144 0.21428571428571427 -1.8750000000000033 0.483010680200435 -1.392983951371172 -1.0702928137996224 -0.4620402623112656 -0.23141048984282528 1.8774978846275927 1.6080201424686495 0.9719181469158996 -3.0284869125619993 -1.8304107636861717
-1.875000000000001 -0.05357142857142857 2.142857142857147 0.8504839979414843 0.2934419269171256 -0.37468436545395883 0.2720552451990457 0.7079847063883321 -1.0981141625890134 -1.6348355299915633 -1.5412824674031702 0.7184762163210943 1.3433952582249147
2.142857142857144 0.21428571428571427 -1.8750000000000033 0.4902160393718283 -1.3843797377064357 -1.0258922745435166 -0.15410506814963693 -0.03984754786627559 1.7779998851386365 1.1245095280658413 1.106761473123583 -4.111882457584615 -1.4090885930167203
-1.875000000000001 -0.05357142857142857 2.142857142857147 -0.6760228093693736 -1.4876303016832702 0.21855617294012664 0.5799904393606741 5.165507010073431 0.2311169243337653 1.216209817004305 -2.1969000189646666 0.36439084306980074 0.40815263761800086
-1.875000000000001 -0.21428571428571427 -1.8750000000000033 1.31059764788616 -1.6872480587051504 -1.4587975322905518 -2.015463340001625 -0.68821442840229 1.2369795129174352 2.695919024874968 2.8016025904580895 2.790139892657022 -1.184537765791793
2.142857142857144 0.10714285714285714 -1.8750000000000033 -0.19326374488603426 -0.5824670241530209 -0.8532235107697701 1.4818006508340156 0.1406636859193194 1.8417407910612489 0.6159897439525432 1.057938889496663 -3.224026596297788 -1.8257808497227712
2.142857142857144 0.3214285714285714 2.142857142857147 -1.834026961914698 1.1727925634531662 2.1956135181495218 1.786986423619201 0.4648471261873266 -1.7821629090755895 -2.4142879859685036 -0.5834298743416931 1.3315195491143792 2.3179921475207332
-1.875000000000001 -0.10714285714285714 2.142857142857147 -0.4042778349054045 -1.3551254112463325 0.044654060853710695 -0.3658105141357569 2.7120277916814675 0.2171250181556308 4.8800531795911 -2.7734714827492453 -2.452437573988999 0.2090663371917766
2.142857142857144 0.26785714285714285 2.142857142857147 0.07951056660242 -2.2189884631858483 0.275290195322929 1.2893411544829974 1.8536784555173118 0.9726879517748945 -2.3017467222712984 -2.394515238406962 1.3790832559690303 1.081805119292783
2.142857142857144 0.3214285714285714 2.142857142857147 -1.8113815473760337 0.9129453107781326 2.279481203411056 1.9409540207000155 0.47221493164796313 -1.9376285332770842 -2.2975785273195504 -0.018482835230190925 1.13597986537859 1.8897251059061813
2.142857142857144 0.1607142857142857 -1.8750000000000033 0.11553736245938531 1.348318522213785 -0.7286553311901388 -1.069662386505194 0.789030566455334 -0.676802321002963 1.6705430667448746 0.47671765584285425 -0.7982775467105667 -0.9275775408230618
2.142857142857144 0.21428571428571427 -1.8750000000000033 0.6590273113873241 1.069541999476332 -0.34508400594988803 -2.386635225821445 2.5130970442442813 -0.3503245101798244 1.8747846193805437 0.42789507221593426 -1.6015757069224572 -1.9762530535332894
2.142857142857144 0.05357142857142857 -1.8750000000000033 -0.3939844646605569 -2.1690840239303784 0.03972066760303223 0.8081924136054524 2.4873097251320537 0.6462101409517557 1.3912740049777357 0.4650932311697781 -0.9251140983229705 -1.8211509357593707
2.142857142857144 0.3214285714285714 2.142857142857147 -0.04400987633574802 1.1469799224589576 0.2999571615763213 1.4103156950464946 -3.3479921996920767 -1.1167700374931926 0.1033017648874968 -2.1271534709262094 3.0649524211505637 2.4267951256606466
-1.875000000000001 -0.05357142857142857 2.142857142857147 0.6662326705587174 0.324417096110176 -0.32288373632183504 0.522252590455369 0.4537954179963718 -1.2924461928408815 -1.247193399478967 -1.6831004484146994 1.4477863880924158 1.3017260325543096
2.142857142857144 0.05357142857142857 -1.8750000000000033 0.43669051409862214 0.253862544059339 -0.0700473322245636 -2.1776792012117685 1.1463691312962054 -0.02695601184071576 -0.20931285649362916 0.15588353486595175 0.9351553253256175 -1.8188359787776702
-1.875000000000001 -0.1607142857142857 2.142857142857147 -0.47427275257036633 -2.478835715860882 1.2484020140192562 1.2398515697070214 1.7431613736077642 1.0302102327294476 -2.2433919929468216 -1.6691511388070082 1.2945255548940948 1.3758046559687187
2.142857142857144 0.21428571428571427 -1.8750000000000033 0.9441536671695951 1.1177255959988543 -0.6077871965485163 -2.449871917479637 1.7542130817987192 -0.7498711643776655 2.3666316236868483 0.5999365573774618 -2.108921913372072 -1.4692774745409276
2.142857142857144 0.1607142857142857 -1.8750000000000033 0.241116479446523 1.0919129550046458 -0.5547532191037229 -2.54060282290226 1.1574208394871603 -0.7296606332314712 0.8327358814434572 1.1997568705081927 -0.9568232362260715 -0.6428378320739271
-1.875000000000001 -0.375 -1.8750000000000033 -0.7305776716670644 -0.1143978007913709 -0.16501515230012415 1.8777173290418236 -1.2997422816351218 1.2214329504972858 -1.1513249155887553 0.9649434921120539 -1.7654062527551455 -1.9345838278626843
2.142857142857144 0.05357142857142857 -1.8750000000000033 1.8324715192999192 -2.3893518937476252 -1.7905682283986788 -0.9816809024590142 -0.9018807867607493 0.5669226726089935 4.067255164000174 2.5156417435004155 1.2681012733081773 -1.1312937552126867
2.142857142857144 0.21428571428571427 -1.8750000000000033 0.563298968110244 -1.3396378266498072 -1.0616593756109354 -0.12386143300876297 0.09645685315550019 1.647408760809381 1.0953321634036028 1.2555541089389584 -3.942767055434743 -1.4600176466141266
-1.875000000000001 -0.10714285714285714 2.142857142857147 -0.6842575055652516 -1.0694655175770904 0.6267944644337696 -0.21459233843138548 3.2572453957685705 -0.18397629228422524 3.362830217154703 -2.5479576440915674 -4.719640934060716 0.5262154436847152
2.142857142857144 0.3214285714285714 2.142857142857147 -1.887552487187904 1.4119897033328328 2.179579990084817 1.2426009910834648 0.4537954179963718 -1.5443005040473028 -2.8352756760950872 -0.553206370191695 2.2880785425245906 1.9985280840460946
-1.875000000000001 -0.05357142857142857 2.142857142857147 -0.2869334141141451 -1.8799824447952413 0.024920487850996816 0.005361371684063786 4.951840651714972 0.35393476745294594 1.2412189867147951 -2.4665866713800337 1.5429138018017186 -0.18679130667897156
2.142857142857144 0.375 2.142857142857147 -0.3116375027017787 1.8353170156378544 -0.3648175789526019 1.5890280845152966 -0.8355705376150206 -0.847814507624607 -1.8390770826272325 -1.2948446643339553 0.6709125094664431 2.1721498576736153
-1.875000000000001 0.0 2.142857142857147 -1.1618698849261673 1.0110333465561256 0.8549639022776487 0.10983938398890158 0.7374559282308782 -2.376041593525299 -1.9641229311796824 -0.6950243512032245 1.2681012733081773 2.674495522702577
-1.875000000000001 -0.21428571428571427 -1.8750000000000033 1.1386983647972095 -1.828357162806824 -1.3416294425869384 -1.583804183900056 -0.4892836809651038 1.3520240748265413 2.695919024874968 2.7992777055234748 2.2457996919871226 -1.2192621205172973
2.142857142857144 0.26785714285714285 2.142857142857147 0.17215089880604575 1.7647624635870176 0.4824927118514245 0.1675772328942073 -1.6239257219031291 -1.2442518493384183 -2.230887408091577 -1.0181833571147423 2.1770965598637373 1.8156464824917724
