-0.8198546505331193 1.4368550566897855 2.6899194307121457 0.03202123017266491 -0.03436194062089318 -2.105547749852427 -1.4819496790323046 7.8800997698909905 -1.9104698292277893 -0.13766194852813654 -2.4704111564847917 -2.2958853473126557 0.006869794788457665
1.6503591082836508 0.9131125861318959 1.948374074137452 0.25551251407572145 0.025433247388692605 -0.7342254076889619 -1.100117299621878 1.9337974704805365 -0.08379695115027115 0.3494705542147216 -3.2642622248086486 -1.6741731428575417 0.00819119389378061
0.8985549208176784 0.8807828039986927 -0.029080210061731716 0.1996396930999573 -0.052760460008458035 -1.223983387033057 0.04537983860940191 12.63714160941935 0.5450576462206784 -0.0035240129902480957 -1.0414792335018506 -0.7094473083582277 -0.00215976576458246
-1.3568576415802431 0.6027466776531464 -3.9839887784600934 -0.1914700537303916 -0.043561200314675606 -0.08121476856350279 0.11356419207554927 -1.6339839091657347 1.2936940716622845 -0.5005403636148453 0.3874526894810922 1.5201412869290774 -1.4805592216497275e-06
1.4785181511485712 0.4798935055469747 0.7124651465129621 0.08789405114842903 -0.020563051080219538 -0.30976849225741376 -1.0864804289286483 3.123057930362628 -0.5629242634328987 0.507612120322548 -5.6458154297802166 -1.5455430315909664 0.003786530209370793
-0.5620932148305016 -1.0072764725803673 -11.89380591525682 -1.130133446123229 -0.038961570467784395 -0.1465158324760488 -1.3455809721000094 -6.9856559786351395 -3.048397195899031 -0.4059378196039135 2.2926952534583473 -1.1167759940357154 -0.0019395325803619693
-0.06805046306714674 -0.024451095730993553 -1.512170923211114 -0.24734287470615576 -0.01136379138643711 -1.3219349829018752 -1.2228491358609435 13.826402069301441 -1.4912334309804902 0.321230988838324 -2.7879515838143343 -1.6312964391020166 0.005768628867355211
2.3592030564658546 1.204080625330724 -0.7706255666364256 0.1996396930999573 -0.038961570467784395 -2.432053069415156 -1.4819496790323046 7.285469539949945 -0.8623788336095414 0.2534560319349699 -1.9941005154904772 -1.2668444571800535 -0.0019395325803619693
1.7577597064930734 0.777327501172443 3.43146478728684 0.25551251407572145 0.06682991601071353 -1.060730727251692 -0.868290497836976 1.9337974704805365 0.06593033393805017 0.8267192090758406 -0.8827090198370792 -1.6741731428575417 0.005768628867355211
-1.1850166844451633 -0.2701574399433369 -7.69171556133356 -0.35908851665768404 0.002435098154236533 0.6697474664307753 0.8363183388167139 -8.174916438517231 -0.11374240816793542 -0.21532075331322992 5.785639954083315 1.3271961200292148 0.0064293284200166835
-1.7005395558504026 0.25358503061455306 -1.1413982449237698 -0.30321569568191986 0.07142954585760475 -0.995429663339146 -0.32281567010779516 1.9337974704805365 -1.461287973962826 -0.307099340786522 0.8637633304754047 0.3839086374076628 -0.002820465317243933
-2.5167841022420285 0.8031913268790055 -6.208624848184172 -0.13559723275462748 0.04843139662314867 3.771548002276708 1.3954300372391244 -9.364176898399323 6.414367221682869 -0.27179988406602507 -2.4704111564847917 1.0056208418627768 -8.957383290984606e-05
-2.1301419486881 -0.2830893527966182 1.701192288612554 0.09906861534358202 -0.05736008985534925 -0.24446742834486776 0.18174854554169692 4.906948620185762 -0.2634696932562561 -0.28591966675422387 1.4988441851344902 0.8769907305962014 0.005107929314693738
0.18971097263547482 -0.44473826346263357 -1.512170923211114 -0.2138191821206972 -0.048160830161566824 0.5717958705619571 1.3272456837729765 -8.174916438517231 0.9942395014856417 -0.13060205718403717 4.03916760377083 1.713086453828941 0.006605514967393076
-0.2398914202022265 -0.04384896501091528 -1.8829436014984637 0.03202123017266491 -0.038961570467784395 1.7145644890315097 0.9726870457490092 -8.174916438517231 -0.6527606344858915 -0.3988779282598141 -0.08885795151322208 0.9413057862294886 -0.010528626764961113
-2.3019829058231798 -0.2895553092232589 11.217691031321117 0.8701135448091268 0.10362695478584324 3.771548002276708 4.804647710546504 4.312318390244716 1.2936940716622845 0.16591337926813737 0.3874526894810922 2.892195807105881 -0.004362097606787368
-0.11101070235091573 -0.7809679976479457 -2.748079850835604 -0.07972441177886336 0.03003287723558382 -1.779042430289697 -1.3319441014067799 7.8800997698909905 -0.11374240816793542 0.3918299022793179 -5.169504788785904 -1.6956114947353043 0.0033460638409298113
0.5333928869056344 0.3182445948809593 0.9596469320378601 -0.07972441177886336 0.034632507082475034 -2.3667520055026103 -0.45918437704009046 -9.364176898399323 -1.820633458174797 0.0811946831389447 -2.629181370149563 -1.9743100691462176 -0.0014990662119209876
0.017870015500395055 -0.7357063026614613 -3.7368069929351955 -0.43731046602375373 0.016233987694910176 -0.015913704650956807 -0.20008383386872966 7.8800997698909905 -2.449488055545746 0.1306139225476404 1.1813037578049475 -1.609858087224254 -0.005022797159448841
-1.764979914776056 -0.24429361423677443 5.1617372859611255 0.08789405114842903 0.17262140248921146 -1.3872360468144211 -0.7728324029843694 -15.310479197809773 0.3653849041146928 -0.3282790148188202 0.7049931168106333 -0.17348851141416394 0.002685364288268339
-1.7005395558504026 -1.0396062547135703 3.184283001761942 -0.30321569568191986 -0.01136379138643711 0.5717958705619571 0.890865821589632 -10.553437358281412 2.7310760085101675 -0.25062021003372686 -1.835330301825706 1.5844563425623657 -0.0019395325803619693
1.9081205439862687 0.4346318105604902 4.914555500436228 0.3113853350514856 0.002435098154236533 -1.5504887065957862 -1.4137653255661569 6.096209080067854 -2.6591062546693953 -0.06706303508714266 -0.2476281651779935 -0.6022555489694144 -0.0019395325803619693
-2.624184700451455 -1.1365956011131795 2.19555585966235 0.03202123017266491 -0.038961570467784395 1.4860107653375996 0.6181284077250414 1.3391672405394908 0.0060394199027216456 -0.24638427522726722 3.0865463217822042 -0.06629675202535064 -0.005727543348954412
0.18971097263547482 -0.4835340020224773 -0.5234437811115277 0.1996396930999573 -0.05736008985534925 -2.105547749852427 0.27720664039430365 4.906948620185762 0.575003103238342 -0.21532075331322992 -0.4063983788427649 0.16952511863003714 -0.003349024959373111
-0.7339341719655813 0.4346318105604902 -1.3885800304486677 -0.30321569568191986 -0.038961570467784395 2.6940804477196996 1.9545417356615349 3.123057930362628 4.108567031322723 -0.3565185801952178 8.167193159054882 1.0484975456183019 -0.006960849180589161
1.0274356386689854 -0.9620147775938829 -7.69171556133356 -0.6384526215365047 -0.08495786893669653 3.1185373631512476 2.2136422788328955 -8.174916438517231 2.521457809386517 0.06707490045074584 3.4040867491117472 1.7988398613399912 -0.002732372043555736
1.0274356386689854 -0.3865446556228681 5.285328178723572 0.5348766189545421 0.0898280652451696 0.5717958705619571 -0.37736315288071326 -8.174916438517231 0.3653849041146928 0.321230988838324 -4.69319414779159 -2.1672552360460804 -0.006123963080551295
-0.39025225769542177 0.3441084205875215 3.9258283583366356 0.7024950818818345 0.002435098154236533 -0.4077200881262327 -1.3319441014067799 13.826402069301441 -0.8923242906272056 0.3777101195911192 -3.740572865802961 -1.3097211609355786 0.013917256683513372
1.156316356520296 0.05960633781533439 0.5888742537505159 -0.07972441177886336 0.10822658463273446 -1.223983387033057 -1.1955753944744845 7.8800997698909905 0.06593033393805017 0.6318662079786975 -4.851964361456361 -1.5455430315909664 0.012155391209749445
-2.087181709404331 -0.3994765684761494 -4.972715920559685 -0.5267069795849764 0.002435098154236533 -1.354585514858148 0.018106097222942846 -3.4178745989888686 -0.8623788336095414 -0.14472183987223597 5.150559099424229 -0.4307487339473138 -0.005991823170019001
-1.3568576415802431 -0.6387169562618521 1.2068287175627581 0.14376687212419317 -0.048160830161566824 -1.876994026158516 -0.41827376496040186 6.096209080067854 0.575003103238342 -0.17296140524863352 2.2926952534583473 0.6626072118185757 -0.005022797159448841
2.1229217404051175 1.58557205450252 0.34169246822561794 -0.07972441177886336 -0.020563051080219538 -0.08121476856350279 -1.0319329461557303 4.312318390244716 -1.251669774839176 -0.06000314374304317 0.06991226215154933 -0.6236939008471774 -0.0006181334750390242
-0.626533573756155 -0.03091705215763403 1.701192288612554 0.03202123017266491 0.007034728001127747 1.7472150209877835 0.7544971146573367 -3.4178745989888686 -0.38325152132691315 -0.28591966675422387 -1.6765600881609344 2.2276068988952415 -0.00555135680157802
-1.2064968040870478 -0.21842978853021194 -1.8829436014984637 0.03202123017266491 -0.052760460008458035 1.8778171488128754 1.4908881320917309 -1.6339839091657347 -0.2634696932562561 -0.2915675798295034 -0.7239388061723078 2.013223380117616 -0.00819415501222391
-1.1850166844451633 -0.8844233004741956 2.319146752424796 0.3672581560272497 -0.08495786893669653 -0.08121476856350279 0.03174296791617238 0.1499067806574025 -0.11374240816793542 -0.3706383628834165 6.4207208087424 0.8126756749629142 0.0029055974724888295
-2.173102187971873 -0.32835104778310253 -0.5234437811115277 -0.30321569568191986 0.007034728001127747 3.2491394909763396 0.9590501750557794 -13.526588507986638 -0.2634696932562561 -0.2223806446573293 4.03916760377083 1.3271961200292148 -0.009647694028079148
-0.9916956076681991 -0.6775126948216958 2.566328537949694 -0.1914700537303916 0.034632507082475034 -0.4403706200825057 0.2635697697010741 3.123057930362628 -1.2217243178215118 -0.2647399927219256 8.643503800049197 -0.23780356704745118 -0.009207227659638167
2.2303223386145437 -0.8068318233545081 -4.972715920559685 -0.30321569568191986 -0.01136379138643711 0.24529055099922714 0.31811725247399225 -4.60713505887096 -2.120088028351439 -0.14472183987223597 5.150559099424229 0.25527852614108737 0.0029055974724888295
0.08231037442604854 -0.9814126468738048 -1.017807352161318 -0.30321569568191986 0.01163435784801896 0.5717958705619571 0.5226703128724349 -5.796395518753052 0.06593033393805017 -0.31133527559298163 5.150559099424229 1.755963157584466 -0.005022797159448841
-0.21841130056034203 1.9476656143943945 3.9258283583366356 0.47900379797877796 -0.0021645316926546814 -0.7668759396452349 -1.3046703600203207 13.826402069301441 -1.012106118697862 0.024715552386149503 -1.3590196608313934 -1.3954745684466288 -0.00215976576458246
1.156316356520296 1.740755008741895 -0.029080210061731716 0.14376687212419317 -0.015963421233328324 -0.9301285994266 -1.2637597479406322 12.63714160941935 0.33543944709702855 0.4341892503439144 -4.851964361456361 -1.8456799578796423 0.0070900279726781555
0.8555946815339056 -1.0331402982869298 -7.568124668571111 -0.5267069795849764 -0.048160830161566824 -0.24446742834486776 0.6454021491115004 -9.364176898399323 0.06593033393805017 -0.031763578366645694 4.515478244765144 0.29815522989661253 -0.007577502096406535
-0.9057751291006573 -0.8456275619143518 -7.073761097521316 -0.43731046602375373 0.2508151098863621 -0.570972747907597 -0.37736315288071326 -15.310479197809773 3.180257863775131 -0.2788597754101244 5.944410167748086 1.5630179906846025 0.006781701514769469
-0.45469261662107524 -0.5740573919954458 -1.6357618159735656 0.1996396930999573 0.05303102647003989 -0.08121476856350279 0.7272233732708776 -3.4178745989888686 0.5151121892030142 -0.39040605864689487 2.4514654671231186 1.3271961200292148 -0.009647694028079148
1.5214783904323401 -1.0072764725803673 0.4652833609880642 -0.41496133763344817 0.06223028616382232 1.6492634251189637 -0.3500894114942542 9.069360229773082 -3.048397195899031 -0.2336764708078883 1.816384612464033 -0.8809541233803277 0.00819119389378061
-0.5620932148305016 -0.9232190390340391 -2.748079850835604 -0.24734287470615576 -0.038961570467784395 4.881666088789988 2.9909439083469778 -9.364176898399323 1.5332577278035977 -0.04588336105484443 2.133925039793576 0.9198674343517265 0.004226996577811774
3.2828482010669067 0.007878686402209414 1.948374074137452 -0.07972441177886336 -0.025162680927110753 -1.126031791164238 -1.1683016530880255 2.5284277004215823 -0.592869720450563 0.6883453387314924 -4.534423934126818 -1.3525978646911037 0.004226996577811774
0.14675073335170202 0.8872487604253334 0.9596469320378601 0.25551251407572145 0.02083361754180139 2.628779383807154 1.3545194251594355 1.9337974704805365 1.5332577278035977 -0.3183951669370811 4.515478244765144 1.691648101951178 -0.0044501908804755646
-2.1945823076137576 -0.7421722590881019 4.66737371491133 -0.07972441177886336 -0.01136379138643711 2.3349245962006973 1.859083640808928 -6.391025748694098 3.1503124067574673 -0.307099340786522 0.8637633304754047 1.970346676362091 0.005107929314693738
-2.108661829046216 -0.5352616534356023 3.6786465728117377 0.5907494399303063 -0.038961570467784395 -0.34241902421368675 0.07265357999586097 0.1499067806574025 -0.29341515027392034 -0.3141592321306214 7.214571877066257 1.8631549169732784 -8.957383290984606e-05
-1.270937163012705 1.1652848867708798 0.7124651465129621 0.14376687212419317 -0.07575860924291411 0.24529055099922714 0.2635697697010741 1.3391672405394908 -0.2634696932562561 -0.3141592321306214 -1.835330301825706 0.49110039679647516 0.000703265630283921
-1.807940154059829 -0.23782765781013393 5.656100857010916 0.8701135448091268 -0.020563051080219538 0.34324214686804544 0.931776433669321 10.853250919596213 0.9642940444679774 -0.25768010137782627 1.022533544140176 0.21240182238556227 -0.00431805096994327
0.46895252797997705 0.4992913748268964 3.184283001761942 0.14376687212419317 0.04383176677625746 -1.223983387033057 -1.3046703600203207 12.042511379478304 -1.4313425169451617 0.10661029197770248 -0.5651685925075363 -0.495063789580602 0.0002627992618429393
-0.06805046306714674 -0.7486382155147425 -5.219897706084583 -0.24734287470615576 -0.038961570467784395 -1.876994026158516 -0.268268187334877 -6.391025748694098 -0.2634696932562561 -0.33533890616291956 2.133925039793576 0.9198674343517265 -8.957383290984606e-05
-0.6480136933980395 -0.9038211697541173 -0.5234437811115277 -0.5267069795849764 0.02083361754180139 0.08203789121786145 -0.6364636960520741 13.826402069301441 -3.078342652916695 -0.2195566881196895 5.468099526753772 -1.4383512722021539 0.005107929314693738
-1.1850166844451633 -0.7551041719413831 -0.27626199558662967 0.3225598992466385 -0.12175490771182625 0.5717958705619571 0.04537983860940191 1.3391672405394908 -0.17363332220326394 -0.43558936324913095 2.6102356807878904 1.8631549169732784 0.002685364288268339
0.6407934851150568 0.20185737920142807 4.66737371491133 0.03202123017266491 -0.0021645316926546814 -1.583139238552059 -1.4410390669526159 7.8800997698909905 -2.0601971143161104 -0.031763578366645694 -2.1528707291552487 -0.06629675202535064 0.0015841983671658845
-1.7434997951341715 -0.5029318713023991 -5.467079491609481 -0.13559723275462748 -0.048160830161566824 1.5513118292501455 0.11356419207554927 -1.6339839091657347 -0.053851494132606884 -0.39040605864689487 0.5462229031458619 0.21240182238556227 -0.0065644294489922775
1.8222000654187307 -0.5352616534356023 3.9258283583366356 0.1996396930999573 -0.03436194062089318 1.8778171488128754 -0.6228268253588446 7.285469539949945 2.5514032664041824 0.9778008838395676 -5.328275002450675 -1.2025294015467658 0.0024651311040478478
-0.347292018411649 -0.6322509998352115 -1.512170923211114 -0.1914700537303916 0.30141103820216547 1.5513118292501455 0.9726870457490092 -4.60713505887096 5.516003511152941 -0.3141592321306214 4.03916760377083 0.6197305080630505 0.016427914983626966
1.1348362368784117 0.6932700676261148 -2.1301253870233614 0.03202123017266491 0.025433247388692605 -1.713741366377151 -1.3728547134864681 1.9337974704805365 -0.4131969783445774 -0.11648227449583837 -4.851964361456361 -1.4169129203243913 0.011714924841308464
-0.261371539844111 -0.49646591487575853 -4.231170563984992 -0.023851590803099225 -0.052760460008458035 0.5717958705619571 0.4953965714859759 -4.60713505887096 0.1258212479733787 -0.26615197099074556 2.133925039793576 2.63493558457273 0.004755556219940953
-0.8198546505331193 0.8937147168519739 -1.512170923211114 -0.24734287470615576 0.07142954585760475 -2.105547749852427 -1.0592066875421893 -6.391025748694098 -0.8923242906272056 0.4779605766773307 -4.058113293132504 -0.7308856602359898 0.012816090762410918
-0.261371539844111 -0.8132977797811487 -0.8942164593988718 -0.35908851665768404 -0.052760460008458035 -0.08121476856350279 -1.3319441014067799 12.042511379478304 -0.5629242634328987 0.08825457448304408 -2.4704111564847917 -1.7813649022463545 0.003786530209370793
1.5644386297161093 0.04020846853541267 0.34169246822561794 -0.07972441177886336 -0.03436194062089318 -2.040246685939881 -1.4410390669526159 -1.6339839091657347 -2.3895971415104174 0.10943424851534218 -3.2642622248086486 0.2767168780188504 0.009512592999103555
1.6503591082836508 1.3592635795700982 6.6448279991105075 0.47900379797877796 0.07142954585760475 -0.1465158324760488 -0.813743015064058 -7.580286208576186 -0.9821606616801978 0.5189079464731071 -3.740572865802961 -0.9023924752580903 0.0029055974724888295
-0.9272552487425456 0.3441084205875215 -0.029080210061731716 -0.1914700537303916 -0.0021645316926546814 -2.5300046652839754 -1.4546759376458454 0.1499067806574025 -2.120088028351439 0.09531446582714344 -3.8993430794677324 -1.0953376421579528 -0.002379998948802951
3.218407842141253 1.0359657582380672 5.1617372859611255 0.42313097700301383 -0.0021645316926546814 0.08203789121786145 -1.0864804289286483 9.663990459714128 -0.2634696932562561 0.6177464252904985 -4.69319414779159 -1.5884197353464915 -0.0001776671065980424
-1.6360991969247491 1.1717508431975203 0.8360560392754138 0.03202123017266491 -0.06655934954913167 2.7267309796759718 2.009089218434452 -11.148067588222458 4.408021601499366 -0.28591966675422387 -2.4704111564847917 2.7850040477170683 -0.008106061738535713
-1.8723805129854825 0.11779994565510013 7.386373355685201 -0.07972441177886336 0.03003287723558382 -0.897478067470327 0.6454021491115004 12.042511379478304 -1.1618334037861833 -0.14472183987223597 5.150559099424229 0.3410319336521377 0.0018925248250745716
-0.8198546505331193 -0.49646591487575853 -2.500898065310706 -0.1914700537303916 -0.07575860924291411 -1.223983387033057 0.6454021491115004 -1.6339839091657347 0.575003103238342 -0.20120097062503112 1.4988441851344902 1.7774015094622282 -0.002379998948802951
2.6814048510941295 1.6437656623422856 -1.1413982449237698 -0.07972441177886336 -0.07575860924291411 -3.4115690281033455 -1.659228998044288 0.1499067806574025 -2.2698153134397603 0.010595769697950768 -5.169504788785904 -2.1672552360460804 -0.0065644294489922775
2.638444611810357 -0.6387169562618521 4.29660103662398 0.47900379797877796 -0.048160830161566824 3.0205857672824297 1.7772624166495508 -11.148067588222458 1.2936940716622845 -0.20402492716267087 7.214571877066257 1.755963157584466 -0.006784662633212768
0.44747240833809254 0.29884672560103726 3.555055680049286 0.3672581560272497 0.02083361754180139 0.9636022540372315 -1.3046703600203207 7.8800997698909905 -1.880524372210125 0.013419726235590464 -0.2476281651779935 -0.4093103820695517 0.0011437319987249027
-0.7339341719655813 0.2147892920547093 -1.2649891376862161 -0.30321569568191986 -0.038961570467784395 1.3880591694687812 0.9454133043625501 -8.769546668458277 1.6530395558742548 -0.37769825422751596 3.880397390106058 2.056100083873141 -0.012070259054504548
1.3711175529391448 1.1523529739175988 -0.7706255666364256 -0.07972441177886336 0.10822658463273446 -1.419886578770694 -1.181938523781255 1.9337974704805365 -0.2634696932562561 0.7589442521724864 -5.010734575121132 -1.6741731428575417 0.011935158025528955
0.14675073335170202 0.6803381547728335 0.4652833609880642 0.08789405114842903 0.04383176677625746 -1.060730727251692 -0.4864581184265495 -13.526588507986638 -1.7906880011571327 0.024715552386149503 -1.9941005154904772 -2.2530086435571306 0.0015841983671658845
0.38303204941243907 -0.12144044213060275 0.9596469320378601 0.3672581560272497 0.007034728001127747 -2.856509984846705 -0.6364636960520741 -7.580286208576186 -1.820633458174797 0.12355403120354104 -3.8993430794677324 -2.1029401804127925 -0.0001776671065980424
-0.45469261662107524 0.033742512108771903 -0.6470346738739738 0.14376687212419317 -0.029762310774001967 -1.126031791164238 0.3863016059401399 15.61029275912458 -0.053851494132606884 -0.3000394494424226 -0.7239388061723078 2.056100083873141 -0.010969093133402094
2.273282577898313 0.4928254184002556 2.6899194307121457 -0.07972441177886336 0.04843139662314867 -0.636273811820143 -1.3592178427932387 6.096209080067854 -1.9104698292277893 0.14896964004229882 0.8637633304754047 -1.1167759940357154 0.005107929314693738
-1.7434997951341715 -0.6645807819684145 -4.107579671222543 0.009672101782359332 -0.048160830161566824 -0.1465158324760488 0.05901670930263144 -5.796395518753052 0.2755485330617 -0.4059378196039135 0.7049931168106333 2.1204151395064295 -0.0030406985014644235
-0.5620932148305016 -0.8844233004741956 -2.00653449426091 -0.1914700537303916 -0.043561200314675606 4.816365024877442 2.1045473132870596 -12.337328048104549 1.2936940716622845 -0.052943252398943805 4.9917888857594575 1.134250953129352 -0.006344196264771786
0.4045121690543236 0.5639509390933026 -0.27626199558662967 -0.13559723275462748 -0.038961570467784395 -1.779042430289697 -1.2228491358609435 0.1499067806574025 -1.4013970599274974 0.7674161217854057 -2.9467217974791056 -1.2668444571800535 0.0053281624989142285
-1.1850166844451633 -0.4318063506093523 -0.029080210061731716 -0.24734287470615576 -0.07115897939602289 -1.3872360468144211 -0.07735199762966388 7.285469539949945 0.6049485602560063 -0.342398797507019 2.7690058944526617 -0.15205015953640091 -0.003701398054125896
0.511912767263746 1.3657295359967392 1.948374074137452 0.08789405114842903 -0.048160830161566824 -1.060730727251692 -1.236486006554173 4.312318390244716 -1.7307970871218041 0.3988897936234174 -5.804585643444987 -1.0310225865246652 0.002685364288268339
0.1252706137098175 -0.6257850434085709 -0.7706255666364256 -0.0015024624127936519 -0.07575860924291411 -2.105547749852427 -0.131899480402582 10.853250919596213 0.5450576462206784 -0.25062021003372686 0.8637633304754047 -0.6022555489694144 -0.0030406985014644235
0.7052338440407141 0.6156785905064276 0.34169246822561794 -0.24734287470615576 0.04383176677625746 -2.072897217896154 -1.1683016530880255 0.1499067806574025 -1.4912334309804902 0.06425094391310615 -3.58180265213819 -1.2668444571800535 0.004887696130473247
-1.1850166844451633 -0.7163084333815396 2.19555585966235 0.1996396930999573 -0.05736008985534925 1.7472150209877835 0.9999607871354682 1.9337974704805365 -1.1917788608038475 -0.27179988406602507 0.3874526894810922 1.8202782132177533 -0.007885828554315221
3.6694903546208355 -0.5287956970089617 4.66737371491133 0.47900379797877796 0.007034728001127747 2.530827787938334 -0.3364525408010247 7.8800997698909905 3.7791670041284164 1.1542981674420525 -5.328275002450675 -0.81663906774704 0.004226996577811774
-0.45469261662107524 1.2493423203172078 5.038146393198674 0.6466222609060703 0.025433247388692605 0.5717958705619571 0.7817708560437957 1.9337974704805365 0.8145667593796562 -0.3875821021092551 0.22868247581632076 1.6702097500734159 -0.008766761291197186
-0.583573334472386 0.861384934718771 0.7124651465129621 0.03202123017266491 -0.038961570467784395 0.8983011901246856 -0.868290497836976 6.096209080067854 -1.1917788608038475 0.3988897936234174 -5.487045216115445 -1.6312964391020166 -0.0019395325803619693
-0.5620932148305016 -0.5611254791421648 -0.27626199558662967 0.42313097700301383 -0.038961570467784395 0.6370969344745031 1.2181507182271407 0.1499067806574025 1.3835304427152766 -0.3819341890339756 -0.2476281651779935 0.9413057862294886 -0.009779833938611444
-1.3568576415802431 -1.0202083854336486 -3.9839887784600934 -0.1914700537303916 -0.048160830161566824 1.2901075735999616 0.9590501750557794 -5.796395518753052 -0.02390603711494262 -0.3282790148188202 7.532112304395797 1.6702097500734159 -0.012598818696633726
0.7696742029663676 -0.5352616534356023 3.43146478728684 1.0377320077364194 0.19561955172366752 4.163354385751982 1.8181730287292395 -11.148067588222458 1.563203184821262 -0.2082608619691305 6.4207208087424 2.4848671214283926 0.01854215355214368
2.3162428171820855 2.0381890043673634 1.5776013958501078 -0.023851590803099225 -0.006764161539545895 -1.126031791164238 -1.2910334893270912 7.285469539949945 -1.131887946768519 0.4059496849675168 -4.216883506797275 -1.288282809057816 0.007750727525339628
