107.0 52.0 101.0 218.0 64.0 11.0 202.0 33.0 23.0 164.0 219.0 610.0 192.0 65.0 17.0 2.0 197.0 206.0
100.0 51.0 109.0 231.0 70.0 11.0 220.0 30.0 25.0 163.0 238.0 722.0 206.0 73.0 11.0 19.0 189.0 198.0
95.0 42.0 85.0 174.0 66.0 9.0 153.0 44.0 19.0 144.0 168.0 347.0 150.0 65.0 11.0 5.0 196.0 204.0
101.0 49.0 103.0 212.0 67.0 10.0 201.0 33.0 23.0 156.0 215.0 601.0 174.0 69.0 4.0 11.0 189.0 196.0
87.0 38.0 85.0 177.0 61.0 8.0 164.0 40.0 20.0 129.0 186.0 402.0 130.0 63.0 1.0 25.0 198.0 205.0
76.0 38.0 58.0 125.0 58.0 5.0 133.0 51.0 18.0 127.0 152.0 259.0 145.0 87.0 0.0 21.0 177.0 184.0
89.0 42.0 75.0 140.0 55.0 6.0 145.0 46.0 19.0 139.0 170.0 312.0 166.0 71.0 15.0 26.0 191.0 198.0
92.0 38.0 60.0 130.0 62.0 5.0 114.0 58.0 17.0 132.0 135.0 194.0 137.0 72.0 14.0 5.0 190.0 194.0
103.0 48.0 101.0 204.0 62.0 12.0 200.0 33.0 23.0 158.0 215.0 595.0 164.0 66.0 8.0 22.0 192.0 202.0
104.0 58.0 103.0 230.0 69.0 11.0 219.0 30.0 25.0 176.0 231.0 716.0 246.0 71.0 7.0 4.0 187.0 196.0
98.0 39.0 68.0 121.0 49.0 7.0 134.0 51.0 18.0 142.0 164.0 261.0 134.0 75.0 4.0 1.0 186.0 186.0
100.0 46.0 90.0 172.0 67.0 9.0 157.0 43.0 20.0 150.0 170.0 363.0 184.0 67.0 17.0 7.0 192.0 200.0
86.0 44.0 77.0 155.0 60.0 7.0 152.0 44.0 19.0 141.0 174.0 345.0 161.0 72.0 9.0 0.0 187.0 192.0
94.0 36.0 68.0 127.0 54.0 7.0 127.0 52.0 18.0 132.0 155.0 242.0 116.0 66.0 1.0 2.0 195.0 196.0
95.0 49.0 82.0 139.0 56.0 11.0 159.0 43.0 20.0 162.0 173.0 365.0 185.0 75.0 7.0 10.0 182.0 191.0
90.0 48.0 86.0 306.0 126.0 49.0 153.0 44.0 19.0 156.0 272.0 346.0 200.0 118.0 0.0 15.0 185.0 194.0
108.0 51.0 103.0 197.0 60.0 11.0 211.0 31.0 24.0 160.0 222.0 661.0 187.0 67.0 7.0 3.0 190.0 200.0
105.0 52.0 107.0 207.0 60.0 11.0 218.0 31.0 24.0 167.0 221.0 701.0 197.0 66.0 0.0 20.0 191.0 203.0
93.0 42.0 64.0 158.0 68.0 9.0 134.0 49.0 18.0 142.0 163.0 268.0 170.0 71.0 7.0 13.0 192.0 201.0
88.0 43.0 84.0 136.0 55.0 11.0 154.0 44.0 19.0 150.0 174.0 350.0 164.0 73.0 6.0 2.0 185.0 196.0
105.0 56.0 98.0 209.0 64.0 11.0 217.0 31.0 24.0 173.0 225.0 696.0 216.0 72.0 2.0 19.0 188.0 199.0
89.0 47.0 85.0 147.0 58.0 10.0 153.0 44.0 19.0 151.0 175.0 349.0 186.0 74.0 13.0 7.0 186.0 197.0
98.0 55.0 108.0 168.0 53.0 11.0 224.0 30.0 25.0 178.0 231.0 737.0 217.0 73.0 8.0 30.0 187.0 198.0
106.0 49.0 107.0 194.0 57.0 11.0 214.0 31.0 24.0 161.0 224.0 670.0 172.0 67.0 0.0 39.0 192.0 206.0
89.0 40.0 58.0 137.0 58.0 7.0 122.0 54.0 17.0 140.0 146.0 225.0 150.0 63.0 7.0 4.0 199.0 206.0
98.0 38.0 70.0 125.0 52.0 8.0 130.0 53.0 18.0 139.0 157.0 243.0 132.0 74.0 0.0 13.0 186.0 185.0
89.0 40.0 69.0 147.0 58.0 6.0 132.0 50.0 18.0 137.0 155.0 260.0 151.0 61.0 16.0 6.0 203.0 209.0
89.0 41.0 84.0 141.0 58.0 9.0 149.0 45.0 19.0 145.0 172.0 330.0 162.0 72.0 4.0 18.0 188.0 200.0
94.0 48.0 83.0 162.0 64.0 10.0 156.0 43.0 19.0 153.0 177.0 357.0 187.0 74.0 4.0 14.0 185.0 196.0
89.0 46.0 77.0 125.0 52.0 10.0 156.0 44.0 20.0 160.0 171.0 351.0 177.0 78.0 7.0 17.0 183.0 191.0
94.0 45.0 85.0 160.0 63.0 10.0 158.0 43.0 20.0 157.0 174.0 367.0 162.0 68.0 1.0 6.0 189.0 199.0
99.0 55.0 101.0 219.0 68.0 10.0 224.0 30.0 25.0 178.0 228.0 737.0 213.0 74.0 11.0 20.0 187.0 196.0
93.0 39.0 78.0 164.0 66.0 8.0 139.0 48.0 18.0 140.0 157.0 290.0 126.0 64.0 4.0 7.0 201.0 208.0
77.0 38.0 63.0 135.0 59.0 5.0 130.0 52.0 18.0 130.0 145.0 247.0 139.0 79.0 13.0 21.0 183.0 187.0
98.0 39.0 68.0 136.0 56.0 8.0 131.0 52.0 18.0 144.0 159.0 251.0 134.0 72.0 4.0 10.0 186.0 187.0
98.0 48.0 101.0 195.0 61.0 11.0 207.0 31.0 23.0 152.0 227.0 650.0 193.0 71.0 5.0 7.0 189.0 196.0
91.0 41.0 93.0 197.0 65.0 9.0 183.0 36.0 21.0 137.0 202.0 504.0 153.0 66.0 11.0 24.0 193.0 200.0
88.0 39.0 88.0 194.0 69.0 8.0 168.0 40.0 20.0 133.0 199.0 416.0 151.0 74.0 3.0 22.0 186.0 192.0
90.0 43.0 72.0 157.0 64.0 8.0 136.0 49.0 18.0 145.0 158.0 279.0 167.0 64.0 4.0 6.0 201.0 209.0
89.0 35.0 70.0 138.0 58.0 7.0 126.0 53.0 17.0 128.0 147.0 237.0 112.0 64.0 4.0 19.0 199.0 207.0
94.0 37.0 74.0 169.0 59.0 7.0 162.0 41.0 20.0 133.0 178.0 394.0 130.0 63.0 6.0 6.0 198.0 204.0
103.0 56.0 105.0 183.0 59.0 10.0 210.0 32.0 24.0 173.0 217.0 648.0 218.0 72.0 13.0 22.0 188.0 196.0
95.0 47.0 88.0 162.0 64.0 11.0 159.0 43.0 20.0 157.0 176.0 371.0 185.0 71.0 12.0 13.0 189.0 198.0
106.0 53.0 98.0 203.0 63.0 11.0 220.0 30.0 25.0 167.0 228.0 710.0 214.0 71.0 10.0 24.0 188.0 197.0
92.0 42.0 69.0 153.0 58.0 8.0 140.0 48.0 18.0 138.0 165.0 290.0 151.0 64.0 10.0 21.0 199.0 206.0
93.0 42.0 64.0 123.0 51.0 7.0 135.0 51.0 18.0 144.0 164.0 262.0 155.0 78.0 16.0 12.0 185.0 185.0
88.0 40.0 69.0 146.0 59.0 7.0 130.0 51.0 18.0 134.0 147.0 252.0 144.0 64.0 1.0 1.0 193.0 200.0
95.0 38.0 66.0 126.0 52.0 8.0 133.0 52.0 18.0 140.0 158.0 253.0 140.0 78.0 11.0 8.0 184.0 183.0
83.0 37.0 62.0 113.0 53.0 6.0 122.0 55.0 17.0 129.0 143.0 218.0 135.0 79.0 0.0 7.0 181.0 185.0
96.0 55.0 103.0 201.0 65.0 9.0 204.0 32.0 23.0 166.0 227.0 624.0 246.0 74.0 6.0 2.0 186.0 194.0
88.0 44.0 85.0 139.0 56.0 11.0 157.0 43.0 20.0 155.0 176.0 363.0 175.0 76.0 5.0 16.0 184.0 195.0
93.0 34.0 66.0 140.0 56.0 7.0 130.0 51.0 18.0 120.0 151.0 251.0 114.0 62.0 5.0 29.0 201.0 207.0
96.0 40.0 70.0 120.0 50.0 8.0 137.0 50.0 18.0 141.0 162.0 269.0 139.0 80.0 10.0 13.0 183.0 183.0
103.0 48.0 96.0 232.0 71.0 10.0 205.0 32.0 23.0 153.0 226.0 633.0 197.0 71.0 2.0 15.0 188.0 196.0
89.0 44.0 80.0 191.0 66.0 6.0 162.0 40.0 20.0 143.0 189.0 396.0 180.0 66.0 13.0 11.0 194.0 199.0
90.0 47.0 85.0 149.0 60.0 10.0 155.0 43.0 19.0 155.0 179.0 355.0 186.0 75.0 1.0 5.0 185.0 196.0
86.0 37.0 69.0 150.0 63.0 8.0 138.0 48.0 18.0 134.0 163.0 284.0 124.0 71.0 1.0 6.0 189.0 195.0
89.0 42.0 66.0 125.0 53.0 7.0 131.0 51.0 18.0 144.0 162.0 254.0 162.0 73.0 10.0 17.0 188.0 191.0
85.0 45.0 73.0 167.0 69.0 8.0 143.0 46.0 18.0 148.0 173.0 307.0 176.0 71.0 2.0 0.0 190.0 199.0
92.0 46.0 79.0 176.0 64.0 8.0 162.0 41.0 20.0 149.0 183.0 396.0 178.0 67.0 2.0 10.0 191.0 198.0
85.0 47.0 75.0 121.0 53.0 9.0 157.0 44.0 20.0 165.0 168.0 358.0 176.0 77.0 1.0 7.0 182.0 191.0
89.0 46.0 84.0 163.0 66.0 11.0 159.0 43.0 20.0 159.0 173.0 368.0 176.0 72.0 1.0 20.0 186.0 197.0
105.0 54.0 105.0 213.0 67.0 10.0 200.0 33.0 23.0 163.0 214.0 597.0 214.0 68.0 10.0 20.0 190.0 198.0
86.0 48.0 75.0 136.0 58.0 10.0 161.0 43.0 20.0 163.0 170.0 371.0 185.0 75.0 3.0 1.0 183.0 192.0
107.0 52.0 103.0 186.0 57.0 11.0 214.0 31.0 24.0 162.0 217.0 676.0 189.0 66.0 6.0 5.0 189.0 198.0
89.0 46.0 74.0 135.0 59.0 9.0 157.0 44.0 20.0 158.0 170.0 356.0 177.0 79.0 12.0 3.0 184.0 191.0
88.0 40.0 79.0 183.0 62.0 7.0 176.0 38.0 21.0 138.0 200.0 462.0 150.0 66.0 0.0 29.0 189.0 199.0
93.0 48.0 84.0 150.0 63.0 11.0 156.0 44.0 20.0 165.0 171.0 354.0 188.0 73.0 8.0 15.0 185.0 195.0
90.0 46.0 80.0 143.0 62.0 11.0 159.0 43.0 20.0 156.0 169.0 366.0 186.0 74.0 17.0 7.0 185.0 193.0
93.0 43.0 78.0 162.0 64.0 8.0 137.0 48.0 18.0 145.0 156.0 281.0 159.0 63.0 17.0 12.0 203.0 210.0
103.0 55.0 103.0 211.0 65.0 11.0 212.0 31.0 24.0 165.0 229.0 673.0 249.0 72.0 5.0 16.0 188.0 196.0
86.0 41.0 66.0 129.0 55.0 7.0 135.0 50.0 18.0 136.0 154.0 266.0 165.0 74.0 3.0 4.0 180.0 187.0
89.0 36.0 72.0 141.0 56.0 7.0 138.0 48.0 18.0 126.0 163.0 286.0 130.0 72.0 1.0 1.0 187.0 192.0
91.0 45.0 75.0 154.0 57.0 6.0 150.0 44.0 19.0 146.0 170.0 335.0 180.0 66.0 16.0 2.0 193.0 198.0
97.0 55.0 103.0 197.0 63.0 11.0 215.0 31.0 24.0 172.0 219.0 677.0 219.0 75.0 5.0 24.0 185.0 194.0
94.0 49.0 82.0 137.0 56.0 10.0 159.0 43.0 20.0 160.0 176.0 367.0 186.0 76.0 10.0 7.0 183.0 192.0
85.0 45.0 80.0 154.0 64.0 9.0 147.0 45.0 19.0 148.0 169.0 324.0 174.0 71.0 1.0 4.0 188.0 199.0
98.0 58.0 101.0 208.0 65.0 12.0 226.0 30.0 25.0 182.0 225.0 748.0 216.0 71.0 6.0 1.0 185.0 196.0
93.0 37.0 70.0 126.0 52.0 9.0 127.0 53.0 18.0 137.0 156.0 238.0 119.0 71.0 2.0 13.0 191.0 190.0
101.0 56.0 100.0 168.0 55.0 11.0 214.0 31.0 24.0 175.0 219.0 681.0 224.0 74.0 2.0 3.0 185.0 192.0
93.0 36.0 64.0 165.0 69.0 8.0 136.0 49.0 18.0 136.0 161.0 279.0 127.0 67.0 2.0 29.0 193.0 204.0
101.0 56.0 100.0 215.0 69.0 10.0 208.0 32.0 24.0 169.0 227.0 651.0 223.0 74.0 6.0 5.0 186.0 193.0
106.0 52.0 107.0 211.0 62.0 8.0 200.0 33.0 23.0 161.0 218.0 602.0 200.0 67.0 9.0 17.0 194.0 201.0
85.0 36.0 72.0 127.0 56.0 7.0 127.0 54.0 18.0 125.0 144.0 233.0 123.0 70.0 3.0 30.0 184.0 194.0
89.0 43.0 85.0 160.0 64.0 11.0 155.0 43.0 19.0 151.0 173.0 356.0 174.0 72.0 5.0 9.0 185.0 196.0
85.0 38.0 63.0 130.0 55.0 7.0 122.0 55.0 17.0 130.0 137.0 219.0 144.0 64.0 20.0 8.0 195.0 201.0
105.0 55.0 96.0 181.0 56.0 9.0 219.0 30.0 25.0 175.0 231.0 713.0 216.0 74.0 4.0 5.0 187.0 194.0
98.0 55.0 101.0 219.0 69.0 11.0 225.0 30.0 25.0 178.0 231.0 748.0 216.0 74.0 6.0 14.0 187.0 195.0
87.0 45.0 82.0 164.0 60.0 8.0 156.0 42.0 19.0 144.0 181.0 366.0 174.0 70.0 2.0 2.0 190.0 196.0
93.0 45.0 73.0 164.0 59.0 7.0 159.0 42.0 20.0 146.0 182.0 379.0 188.0 65.0 11.0 15.0 195.0 201.0
97.0 47.0 87.0 164.0 64.0 9.0 156.0 43.0 20.0 149.0 173.0 359.0 182.0 68.0 1.0 13.0 192.0 202.0
90.0 48.0 85.0 157.0 64.0 11.0 161.0 43.0 20.0 167.0 175.0 375.0 186.0 74.0 3.0 16.0 185.0 195.0
95.0 46.0 92.0 159.0 63.0 11.0 160.0 42.0 20.0 157.0 176.0 372.0 171.0 70.0 7.0 21.0 189.0 200.0
101.0 52.0 105.0 162.0 53.0 10.0 212.0 31.0 24.0 163.0 226.0 669.0 204.0 74.0 12.0 11.0 186.0 194.0
83.0 45.0 73.0 161.0 68.0 8.0 142.0 46.0 18.0 144.0 169.0 305.0 179.0 71.0 10.0 3.0 191.0 199.0
81.0 38.0 53.0 123.0 58.0 6.0 134.0 51.0 18.0 128.0 147.0 259.0 148.0 83.0 10.0 6.0 177.0 184.0
103.0 41.0 83.0 194.0 63.0 9.0 175.0 38.0 21.0 142.0 199.0 455.0 138.0 65.0 7.0 30.0 197.0 206.0
87.0 42.0 64.0 150.0 64.0 10.0 133.0 50.0 18.0 142.0 157.0 264.0 159.0 67.0 7.0 1.0 193.0 201.0
101.0 55.0 105.0 182.0 59.0 10.0 215.0 31.0 24.0 177.0 221.0 678.0 223.0 74.0 12.0 26.0 186.0 195.0
89.0 36.0 68.0 149.0 60.0 8.0 133.0 50.0 18.0 134.0 153.0 265.0 119.0 62.0 6.0 18.0 201.0 209.0
101.0 55.0 107.0 200.0 61.0 11.0 225.0 30.0 25.0 178.0 228.0 730.0 204.0 74.0 8.0 35.0 187.0 201.0
102.0 51.0 108.0 193.0 57.0 10.0 212.0 31.0 24.0 162.0 219.0 663.0 184.0 66.0 7.0 21.0 191.0 201.0
99.0 46.0 105.0 209.0 64.0 11.0 197.0 34.0 23.0 152.0 212.0 575.0 159.0 65.0 0.0 33.0 194.0 205.0
85.0 37.0 68.0 145.0 60.0 6.0 130.0 51.0 18.0 130.0 150.0 253.0 121.0 65.0 3.0 14.0 195.0 203.0
102.0 52.0 98.0 225.0 71.0 10.0 214.0 31.0 24.0 164.0 228.0 682.0 199.0 71.0 0.0 16.0 187.0 196.0
84.0 38.0 66.0 138.0 62.0 6.0 126.0 54.0 18.0 132.0 144.0 232.0 139.0 70.0 4.0 7.0 185.0 190.0
90.0 40.0 83.0 178.0 61.0 8.0 178.0 37.0 21.0 132.0 199.0 472.0 157.0 71.0 1.0 14.0 187.0 193.0
93.0 36.0 63.0 139.0 57.0 8.0 132.0 50.0 18.0 136.0 158.0 260.0 121.0 67.0 3.0 27.0 193.0 201.0
109.0 48.0 107.0 215.0 62.0 10.0 205.0 32.0 23.0 158.0 222.0 624.0 168.0 65.0 9.0 32.0 195.0 206.0
92.0 43.0 70.0 124.0 52.0 6.0 139.0 49.0 18.0 144.0 164.0 282.0 172.0 79.0 4.0 16.0 183.0 185.0
106.0 49.0 96.0 201.0 61.0 10.0 181.0 36.0 21.0 158.0 197.0 494.0 180.0 62.0 19.0 15.0 202.0 209.0
95.0 46.0 76.0 162.0 66.0 11.0 162.0 42.0 20.0 155.0 175.0 381.0 172.0 74.0 8.0 4.0 184.0 193.0
91.0 46.0 78.0 148.0 61.0 9.0 147.0 45.0 19.0 152.0 168.0 323.0 199.0 70.0 13.0 11.0 189.0 200.0
97.0 50.0 108.0 211.0 65.0 10.0 214.0 31.0 24.0 156.0 232.0 683.0 218.0 72.0 7.0 29.0 188.0 197.0
85.0 35.0 47.0 110.0 55.0 3.0 117.0 57.0 17.0 122.0 136.0 203.0 139.0 89.0 5.0 9.0 180.0 184.0
96.0 39.0 64.0 111.0 48.0 8.0 134.0 52.0 18.0 141.0 160.0 258.0 139.0 80.0 7.0 20.0 183.0 184.0
85.0 40.0 66.0 121.0 52.0 4.0 152.0 44.0 19.0 133.0 170.0 340.0 163.0 87.0 13.0 3.0 180.0 183.0
95.0 45.0 80.0 186.0 62.0 7.0 164.0 40.0 20.0 145.0 188.0 406.0 178.0 65.0 11.0 18.0 199.0 204.0
91.0 41.0 64.0 148.0 61.0 8.0 129.0 51.0 18.0 142.0 161.0 249.0 153.0 68.0 6.0 12.0 194.0 201.0
86.0 39.0 62.0 129.0 59.0 6.0 116.0 57.0 17.0 135.0 137.0 203.0 145.0 64.0 7.0 9.0 199.0 204.0
87.0 44.0 98.0 211.0 70.0 10.0 189.0 35.0 22.0 141.0 214.0 535.0 178.0 71.0 2.0 21.0 187.0 194.0
85.0 36.0 51.0 115.0 56.0 5.0 119.0 57.0 17.0 124.0 139.0 207.0 127.0 81.0 13.0 5.0 181.0 184.0
97.0 41.0 92.0 197.0 63.0 10.0 179.0 37.0 21.0 140.0 197.0 481.0 136.0 63.0 4.0 3.0 197.0 204.0
80.0 37.0 57.0 116.0 55.0 6.0 125.0 54.0 18.0 125.0 142.0 229.0 132.0 81.0 8.0 5.0 178.0 184.0
104.0 52.0 110.0 172.0 53.0 10.0 219.0 30.0 25.0 166.0 235.0 711.0 218.0 74.0 10.0 28.0 188.0 198.0
97.0 35.0 66.0 151.0 64.0 8.0 128.0 52.0 18.0 129.0 148.0 246.0 112.0 66.0 6.0 2.0 195.0 200.0
95.0 43.0 96.0 202.0 65.0 10.0 189.0 35.0 22.0 143.0 217.0 534.0 166.0 71.0 6.0 27.0 190.0 197.0
96.0 46.0 88.0 174.0 68.0 10.0 155.0 43.0 19.0 148.0 173.0 354.0 182.0 69.0 14.0 15.0 194.0 202.0
104.0 55.0 109.0 230.0 67.0 12.0 218.0 30.0 24.0 174.0 230.0 706.0 226.0 67.0 8.0 22.0 191.0 202.0
97.0 45.0 91.0 161.0 63.0 10.0 151.0 45.0 19.0 148.0 166.0 334.0 171.0 65.0 18.0 20.0 197.0 205.0
88.0 44.0 71.0 145.0 56.0 8.0 142.0 48.0 19.0 143.0 159.0 296.0 174.0 68.0 7.0 18.0 188.0 197.0
91.0 43.0 88.0 157.0 61.0 9.0 149.0 45.0 19.0 157.0 165.0 326.0 140.0 64.0 1.0 26.0 197.0 207.0
97.0 46.0 101.0 210.0 66.0 8.0 192.0 35.0 22.0 151.0 208.0 546.0 169.0 66.0 1.0 32.0 191.0 200.0
93.0 47.0 85.0 163.0 66.0 11.0 156.0 44.0 20.0 158.0 172.0 355.0 178.0 74.0 7.0 15.0 183.0 195.0
91.0 52.0 98.0 196.0 62.0 9.0 193.0 34.0 22.0 161.0 216.0 562.0 244.0 69.0 3.0 1.0 190.0 199.0
93.0 41.0 75.0 124.0 51.0 7.0 140.0 49.0 18.0 141.0 164.0 284.0 149.0 77.0 5.0 15.0 184.0 185.0
100.0 44.0 93.0 193.0 62.0 8.0 186.0 35.0 22.0 147.0 202.0 521.0 151.0 66.0 0.0 2.0 193.0 198.0
100.0 51.0 109.0 224.0 67.0 9.0 217.0 30.0 24.0 162.0 238.0 704.0 206.0 72.0 6.0 18.0 189.0 199.0
89.0 41.0 63.0 134.0 59.0 6.0 123.0 55.0 17.0 137.0 148.0 223.0 150.0 76.0 12.0 3.0 186.0 188.0
103.0 56.0 100.0 185.0 59.0 11.0 216.0 31.0 24.0 173.0 219.0 684.0 219.0 75.0 15.0 11.0 186.0 194.0
105.0 46.0 100.0 195.0 61.0 9.0 193.0 34.0 22.0 150.0 207.0 557.0 161.0 65.0 5.0 9.0 194.0 202.0
91.0 39.0 82.0 164.0 68.0 10.0 143.0 46.0 19.0 137.0 164.0 308.0 158.0 68.0 13.0 9.0 191.0 201.0
95.0 48.0 83.0 178.0 72.0 10.0 162.0 42.0 20.0 159.0 176.0 379.0 184.0 70.0 6.0 16.0 187.0 197.0
90.0 48.0 78.0 134.0 56.0 11.0 160.0 43.0 20.0 167.0 169.0 366.0 185.0 76.0 1.0 14.0 182.0 192.0
100.0 58.0 109.0 230.0 70.0 11.0 226.0 30.0 25.0 182.0 234.0 752.0 207.0 72.0 0.0 13.0 187.0 198.0
82.0 40.0 73.0 141.0 57.0 8.0 153.0 44.0 19.0 133.0 173.0 342.0 153.0 75.0 11.0 9.0 181.0 187.0
88.0 40.0 55.0 114.0 53.0 7.0 132.0 53.0 18.0 139.0 142.0 249.0 158.0 87.0 0.0 7.0 176.0 183.0
88.0 42.0 64.0 151.0 62.0 8.0 130.0 51.0 18.0 142.0 150.0 253.0 161.0 63.0 3.0 2.0 203.0 210.0
91.0 42.0 80.0 162.0 66.0 8.0 148.0 44.0 19.0 145.0 171.0 331.0 147.0 70.0 3.0 5.0 189.0 199.0
89.0 44.0 82.0 136.0 54.0 6.0 149.0 45.0 19.0 144.0 170.0 332.0 168.0 68.0 10.0 14.0 188.0 193.0
89.0 47.0 83.0 322.0 133.0 48.0 158.0 43.0 20.0 163.0 229.0 364.0 176.0 97.0 0.0 14.0 184.0 194.0
89.0 42.0 89.0 147.0 61.0 11.0 151.0 44.0 19.0 145.0 170.0 338.0 163.0 72.0 11.0 23.0 187.0 199.0
89.0 44.0 76.0 125.0 54.0 10.0 156.0 44.0 20.0 151.0 163.0 352.0 176.0 76.0 12.0 12.0 184.0 193.0
91.0 41.0 84.0 141.0 57.0 9.0 149.0 45.0 19.0 143.0 170.0 330.0 158.0 72.0 9.0 14.0 189.0 199.0
96.0 45.0 80.0 162.0 63.0 9.0 146.0 46.0 19.0 148.0 161.0 316.0 161.0 64.0 5.0 10.0 199.0 207.0
88.0 36.0 53.0 113.0 57.0 3.0 118.0 57.0 17.0 128.0 137.0 204.0 136.0 88.0 7.0 14.0 180.0 183.0
88.0 37.0 51.0 105.0 52.0 5.0 119.0 57.0 17.0 128.0 135.0 207.0 125.0 86.0 8.0 16.0 179.0 183.0
99.0 54.0 100.0 199.0 62.0 9.0 200.0 33.0 23.0 166.0 222.0 600.0 241.0 70.0 2.0 7.0 189.0 198.0
93.0 45.0 83.0 142.0 56.0 10.0 157.0 43.0 20.0 155.0 180.0 364.0 188.0 75.0 1.0 21.0 184.0 197.0
78.0 36.0 51.0 116.0 56.0 4.0 120.0 57.0 17.0 124.0 135.0 209.0 135.0 84.0 1.0 12.0 177.0 184.0
82.0 43.0 70.0 250.0 105.0 55.0 139.0 48.0 18.0 145.0 231.0 289.0 172.0 99.0 4.0 9.0 190.0 199.0
93.0 46.0 82.0 145.0 58.0 11.0 159.0 43.0 20.0 160.0 180.0 371.0 189.0 77.0 2.0 4.0 183.0 194.0
86.0 38.0 76.0 143.0 59.0 8.0 142.0 47.0 18.0 131.0 167.0 301.0 138.0 71.0 5.0 10.0 189.0 196.0
96.0 45.0 87.0 169.0 67.0 10.0 154.0 44.0 19.0 149.0 167.0 351.0 174.0 67.0 9.0 8.0 192.0 201.0
87.0 45.0 77.0 153.0 59.0 7.0 154.0 44.0 19.0 145.0 181.0 350.0 172.0 75.0 15.0 14.0 184.0 189.0
95.0 46.0 105.0 219.0 68.0 9.0 201.0 33.0 23.0 148.0 223.0 602.0 201.0 69.0 5.0 38.0 191.0 202.0
91.0 41.0 66.0 131.0 56.0 9.0 126.0 53.0 18.0 144.0 159.0 237.0 155.0 72.0 3.0 10.0 191.0 194.0
90.0 47.0 73.0 136.0 58.0 11.0 161.0 42.0 20.0 153.0 172.0 376.0 185.0 77.0 11.0 8.0 183.0 191.0
104.0 52.0 101.0 206.0 62.0 10.0 198.0 33.0 23.0 161.0 207.0 587.0 204.0 64.0 2.0 5.0 195.0 204.0
88.0 35.0 60.0 143.0 59.0 7.0 128.0 52.0 18.0 129.0 147.0 246.0 109.0 62.0 1.0 6.0 202.0 209.0
90.0 47.0 85.0 145.0 58.0 9.0 152.0 44.0 19.0 155.0 175.0 345.0 184.0 73.0 4.0 2.0 186.0 197.0
100.0 51.0 104.0 163.0 52.0 10.0 206.0 32.0 23.0 164.0 217.0 631.0 193.0 69.0 5.0 21.0 188.0 196.0
94.0 36.0 66.0 151.0 61.0 8.0 133.0 50.0 18.0 135.0 154.0 265.0 119.0 62.0 9.0 3.0 201.0 208.0
103.0 49.0 107.0 179.0 54.0 12.0 208.0 32.0 24.0 159.0 214.0 644.0 183.0 66.0 1.0 12.0 191.0 200.0
100.0 52.0 109.0 225.0 68.0 10.0 222.0 30.0 25.0 165.0 241.0 731.0 207.0 73.0 7.0 28.0 188.0 199.0
99.0 57.0 100.0 177.0 54.0 13.0 224.0 30.0 25.0 188.0 223.0 726.0 213.0 72.0 4.0 7.0 185.0 198.0
86.0 36.0 66.0 128.0 57.0 8.0 131.0 52.0 18.0 127.0 148.0 252.0 139.0 76.0 5.0 27.0 183.0 187.0
90.0 41.0 62.0 147.0 60.0 6.0 128.0 52.0 18.0 141.0 149.0 246.0 157.0 61.0 13.0 4.0 201.0 208.0
90.0 48.0 78.0 142.0 59.0 11.0 160.0 43.0 20.0 160.0 173.0 370.0 185.0 76.0 10.0 11.0 183.0 192.0
89.0 44.0 70.0 137.0 58.0 6.0 136.0 49.0 18.0 146.0 168.0 273.0 166.0 78.0 10.0 3.0 186.0 187.0
94.0 43.0 82.0 136.0 54.0 10.0 155.0 43.0 19.0 149.0 176.0 359.0 161.0 74.0 1.0 6.0 186.0 197.0
90.0 48.0 81.0 144.0 60.0 9.0 150.0 44.0 19.0 156.0 173.0 333.0 200.0 75.0 2.0 0.0 185.0 195.0
93.0 42.0 70.0 131.0 56.0 7.0 127.0 53.0 18.0 145.0 156.0 240.0 152.0 74.0 5.0 4.0 189.0 190.0
103.0 54.0 107.0 218.0 64.0 12.0 222.0 30.0 25.0 174.0 221.0 728.0 199.0 67.0 0.0 18.0 189.0 200.0
96.0 48.0 83.0 177.0 59.0 8.0 171.0 39.0 21.0 152.0 195.0 438.0 196.0 67.0 15.0 0.0 195.0 201.0
83.0 39.0 69.0 127.0 54.0 5.0 135.0 49.0 18.0 131.0 155.0 274.0 162.0 69.0 16.0 6.0 187.0 190.0
87.0 49.0 86.0 190.0 64.0 9.0 177.0 37.0 21.0 153.0 197.0 471.0 209.0 67.0 11.0 7.0 192.0 199.0
94.0 39.0 89.0 194.0 62.0 9.0 172.0 38.0 21.0 135.0 191.0 444.0 121.0 63.0 4.0 23.0 201.0 209.0
89.0 40.0 77.0 159.0 65.0 9.0 144.0 46.0 19.0 141.0 168.0 314.0 143.0 70.0 0.0 5.0 190.0 200.0
93.0 43.0 78.0 166.0 59.0 7.0 151.0 44.0 19.0 141.0 182.0 342.0 174.0 68.0 15.0 2.0 193.0 197.0
94.0 38.0 84.0 158.0 55.0 9.0 169.0 39.0 20.0 130.0 196.0 430.0 155.0 69.0 9.0 15.0 190.0 195.0
100.0 55.0 101.0 189.0 57.0 10.0 222.0 30.0 25.0 177.0 225.0 731.0 211.0 71.0 7.0 17.0 188.0 197.0
93.0 47.0 85.0 161.0 65.0 12.0 155.0 43.0 19.0 157.0 179.0 354.0 178.0 76.0 2.0 9.0 184.0 196.0
94.0 49.0 87.0 159.0 64.0 10.0 157.0 43.0 20.0 158.0 179.0 363.0 203.0 75.0 4.0 0.0 183.0 194.0
88.0 36.0 78.0 160.0 62.0 6.0 140.0 48.0 18.0 123.0 161.0 287.0 129.0 66.0 4.0 35.0 194.0 202.0
89.0 45.0 85.0 149.0 59.0 11.0 158.0 43.0 20.0 158.0 177.0 362.0 173.0 75.0 12.0 16.0 183.0 193.0
91.0 44.0 66.0 151.0 63.0 7.0 137.0 48.0 18.0 146.0 166.0 280.0 167.0 72.0 1.0 9.0 188.0 194.0
91.0 35.0 66.0 159.0 59.0 7.0 147.0 45.0 19.0 131.0 169.0 322.0 123.0 64.0 1.0 1.0 197.0 203.0
84.0 39.0 90.0 180.0 60.0 7.0 177.0 37.0 21.0 131.0 209.0 469.0 145.0 71.0 4.0 38.0 190.0 198.0
93.0 35.0 72.0 172.0 62.0 7.0 149.0 44.0 19.0 124.0 169.0 334.0 125.0 62.0 5.0 30.0 203.0 210.0
93.0 43.0 85.0 133.0 54.0 10.0 155.0 44.0 19.0 153.0 174.0 351.0 165.0 75.0 12.0 13.0 184.0 196.0
97.0 55.0 96.0 170.0 54.0 10.0 216.0 31.0 24.0 173.0 219.0 685.0 218.0 75.0 0.0 4.0 184.0 193.0
90.0 48.0 78.0 143.0 60.0 11.0 161.0 43.0 20.0 159.0 172.0 374.0 186.0 75.0 2.0 2.0 184.0 193.0
99.0 57.0 109.0 220.0 66.0 11.0 221.0 30.0 25.0 176.0 234.0 725.0 236.0 70.0 10.0 25.0 188.0 200.0
105.0 54.0 96.0 185.0 57.0 10.0 219.0 30.0 25.0 170.0 231.0 706.0 217.0 75.0 5.0 12.0 187.0 195.0
91.0 42.0 66.0 142.0 58.0 9.0 134.0 50.0 18.0 142.0 163.0 268.0 164.0 69.0 6.0 5.0 191.0 197.0
97.0 41.0 62.0 133.0 56.0 7.0 130.0 52.0 18.0 143.0 158.0 247.0 157.0 78.0 5.0 7.0 184.0 186.0
85.0 39.0 77.0 151.0 59.0 8.0 150.0 45.0 19.0 134.0 176.0 331.0 133.0 73.0 0.0 16.0 184.0 193.0
97.0 37.0 78.0 181.0 62.0 8.0 161.0 41.0 20.0 131.0 182.0 389.0 117.0 62.0 2.0 28.0 203.0 211.0
85.0 36.0 78.0 149.0 55.0 7.0 147.0 45.0 19.0 128.0 168.0 321.0 134.0 64.0 10.0 24.0 197.0 203.0
88.0 44.0 84.0 135.0 55.0 12.0 155.0 44.0 20.0 158.0 176.0 351.0 164.0 75.0 7.0 11.0 183.0 195.0
93.0 40.0 62.0 117.0 49.0 7.0 131.0 52.0 18.0 145.0 160.0 249.0 156.0 78.0 8.0 6.0 184.0 184.0
89.0 41.0 75.0 143.0 56.0 7.0 146.0 46.0 19.0 137.0 170.0 317.0 156.0 76.0 18.0 5.0 184.0 188.0
89.0 46.0 78.0 150.0 63.0 11.0 160.0 43.0 20.0 160.0 170.0 367.0 176.0 73.0 5.0 9.0 185.0 194.0
91.0 36.0 60.0 126.0 56.0 6.0 119.0 56.0 17.0 130.0 139.0 211.0 118.0 67.0 6.0 14.0 192.0 198.0
86.0 36.0 70.0 143.0 61.0 9.0 133.0 50.0 18.0 130.0 153.0 266.0 127.0 66.0 2.0 10.0 194.0 202.0
104.0 57.0 103.0 216.0 69.0 11.0 219.0 30.0 25.0 176.0 228.0 708.0 219.0 73.0 4.0 3.0 186.0 196.0
102.0 54.0 100.0 163.0 53.0 10.0 213.0 31.0 24.0 173.0 219.0 669.0 201.0 76.0 12.0 27.0 187.0 195.0
96.0 55.0 98.0 161.0 54.0 10.0 215.0 31.0 24.0 175.0 226.0 683.0 221.0 76.0 3.0 6.0 185.0 193.0
97.0 48.0 94.0 198.0 63.0 9.0 181.0 36.0 21.0 155.0 200.0 494.0 189.0 64.0 20.0 11.0 199.0 203.0
86.0 43.0 68.0 150.0 64.0 9.0 138.0 48.0 18.0 143.0 161.0 285.0 174.0 69.0 6.0 0.0 192.0 201.0
88.0 34.0 58.0 140.0 59.0 6.0 127.0 52.0 18.0 130.0 148.0 243.0 113.0 63.0 4.0 10.0 199.0 206.0
92.0 38.0 74.0 178.0 62.0 9.0 161.0 41.0 20.0 135.0 181.0 388.0 132.0 63.0 7.0 29.0 197.0 206.0
94.0 35.0 66.0 147.0 62.0 9.0 131.0 50.0 18.0 127.0 159.0 258.0 115.0 66.0 8.0 7.0 196.0 201.0
86.0 37.0 77.0 144.0 54.0 7.0 154.0 43.0 19.0 127.0 179.0 352.0 145.0 71.0 14.0 13.0 186.0 191.0
96.0 46.0 88.0 160.0 64.0 9.0 151.0 44.0 19.0 148.0 173.0 339.0 182.0 70.0 15.0 11.0 192.0 199.0
85.0 38.0 72.0 130.0 53.0 9.0 134.0 51.0 18.0 132.0 145.0 261.0 123.0 65.0 1.0 24.0 188.0 198.0
92.0 42.0 75.0 172.0 60.0 8.0 147.0 45.0 19.0 142.0 174.0 322.0 160.0 62.0 22.0 10.0 206.0 211.0
86.0 35.0 44.0 110.0 54.0 2.0 119.0 57.0 17.0 121.0 139.0 208.0 137.0 90.0 6.0 1.0 180.0 183.0
91.0 38.0 76.0 172.0 61.0 8.0 167.0 40.0 20.0 134.0 196.0 415.0 145.0 71.0 0.0 28.0 189.0 198.0
92.0 40.0 82.0 163.0 63.0 9.0 146.0 45.0 19.0 140.0 165.0 319.0 137.0 64.0 9.0 0.0 199.0 206.0
89.0 47.0 81.0 147.0 64.0 11.0 156.0 44.0 20.0 163.0 170.0 352.0 188.0 76.0 6.0 13.0 184.0 193.0
84.0 37.0 70.0 150.0 61.0 7.0 137.0 49.0 18.0 140.0 156.0 278.0 121.0 64.0 0.0 23.0 196.0 205.0
91.0 37.0 76.0 138.0 55.0 8.0 132.0 51.0 18.0 135.0 157.0 256.0 124.0 69.0 0.0 12.0 191.0 192.0
103.0 54.0 107.0 189.0 56.0 11.0 223.0 30.0 25.0 174.0 225.0 729.0 200.0 70.0 0.0 29.0 187.0 201.0
96.0 44.0 85.0 166.0 66.0 10.0 155.0 43.0 19.0 150.0 167.0 355.0 159.0 67.0 3.0 10.0 192.0 202.0
91.0 46.0 101.0 199.0 65.0 9.0 196.0 34.0 23.0 146.0 219.0 574.0 199.0 73.0 5.0 8.0 186.0 194.0
101.0 53.0 103.0 203.0 63.0 9.0 195.0 34.0 22.0 162.0 210.0 571.0 210.0 68.0 5.0 5.0 191.0 198.0
92.0 41.0 66.0 125.0 52.0 7.0 139.0 50.0 18.0 143.0 160.0 275.0 161.0 81.0 7.0 19.0 182.0 184.0
87.0 36.0 53.0 117.0 58.0 4.0 118.0 57.0 17.0 125.0 138.0 205.0 138.0 85.0 9.0 15.0 180.0 183.0
89.0 40.0 60.0 131.0 56.0 6.0 118.0 56.0 17.0 137.0 143.0 209.0 153.0 65.0 10.0 8.0 193.0 199.0
106.0 53.0 98.0 192.0 58.0 11.0 217.0 31.0 24.0 166.0 228.0 693.0 191.0 71.0 11.0 24.0 188.0 198.0
89.0 38.0 74.0 138.0 59.0 7.0 136.0 49.0 18.0 133.0 167.0 278.0 128.0 72.0 7.0 7.0 189.0 193.0
97.0 46.0 94.0 209.0 67.0 10.0 195.0 34.0 22.0 147.0 224.0 573.0 194.0 70.0 0.0 14.0 188.0 197.0
85.0 37.0 80.0 158.0 59.0 8.0 153.0 44.0 19.0 126.0 179.0 348.0 136.0 69.0 6.0 21.0 191.0 197.0
83.0 40.0 59.0 116.0 53.0 7.0 132.0 52.0 18.0 137.0 145.0 250.0 157.0 84.0 12.0 6.0 177.0 183.0
79.0 39.0 72.0 127.0 53.0 9.0 142.0 48.0 19.0 135.0 165.0 295.0 144.0 77.0 7.0 21.0 181.0 189.0
84.0 38.0 74.0 138.0 57.0 8.0 139.0 49.0 18.0 127.0 160.0 282.0 127.0 72.0 9.0 20.0 183.0 191.0
89.0 36.0 69.0 142.0 57.0 7.0 135.0 50.0 18.0 126.0 154.0 266.0 128.0 66.0 3.0 36.0 193.0 203.0
90.0 36.0 78.0 179.0 64.0 8.0 157.0 42.0 19.0 126.0 182.0 367.0 142.0 66.0 1.0 20.0 192.0 198.0
104.0 52.0 96.0 188.0 59.0 9.0 188.0 35.0 22.0 161.0 206.0 530.0 205.0 67.0 11.0 8.0 193.0 200.0
84.0 38.0 60.0 128.0 56.0 5.0 132.0 50.0 18.0 130.0 148.0 261.0 141.0 75.0 8.0 4.0 185.0 188.0
85.0 36.0 66.0 123.0 55.0 5.0 120.0 56.0 17.0 128.0 140.0 212.0 131.0 73.0 1.0 18.0 186.0 190.0
102.0 54.0 101.0 190.0 58.0 10.0 222.0 30.0 25.0 171.0 224.0 728.0 203.0 71.0 13.0 6.0 189.0 198.0
104.0 55.0 105.0 216.0 68.0 11.0 205.0 32.0 23.0 169.0 221.0 623.0 216.0 71.0 9.0 18.0 189.0 196.0
100.0 57.0 107.0 207.0 63.0 11.0 227.0 30.0 25.0 180.0 234.0 756.0 205.0 72.0 6.0 19.0 186.0 198.0
92.0 40.0 62.0 144.0 59.0 8.0 127.0 52.0 17.0 139.0 149.0 241.0 150.0 62.0 13.0 1.0 204.0 210.0
102.0 54.0 98.0 167.0 53.0 10.0 217.0 31.0 24.0 174.0 228.0 692.0 223.0 72.0 0.0 31.0 187.0 198.0
94.0 37.0 72.0 146.0 60.0 9.0 133.0 50.0 18.0 135.0 161.0 262.0 128.0 69.0 2.0 7.0 192.0 195.0
104.0 57.0 103.0 222.0 72.0 12.0 221.0 30.0 25.0 177.0 223.0 718.0 218.0 72.0 11.0 12.0 186.0 195.0
84.0 37.0 53.0 121.0 59.0 5.0 123.0 55.0 17.0 125.0 141.0 221.0 133.0 82.0 7.0 1.0 179.0 183.0
90.0 39.0 86.0 169.0 62.0 7.0 162.0 41.0 20.0 131.0 194.0 388.0 147.0 74.0 1.0 22.0 185.0 191.0
93.0 41.0 79.0 159.0 63.0 8.0 144.0 46.0 19.0 150.0 165.0 309.0 134.0 67.0 4.0 9.0 195.0 203.0
111.0 54.0 103.0 171.0 50.0 11.0 221.0 30.0 25.0 172.0 227.0 727.0 201.0 69.0 15.0 6.0 190.0 198.0
92.0 52.0 93.0 204.0 67.0 9.0 189.0 35.0 22.0 161.0 214.0 536.0 240.0 72.0 2.0 5.0 188.0 195.0
82.0 38.0 53.0 125.0 59.0 5.0 133.0 51.0 18.0 128.0 152.0 259.0 146.0 87.0 0.0 0.0 177.0 183.0
104.0 54.0 91.0 209.0 67.0 11.0 218.0 31.0 24.0 170.0 223.0 697.0 196.0 74.0 4.0 21.0 187.0 196.0
108.0 55.0 105.0 230.0 68.0 11.0 218.0 30.0 24.0 171.0 228.0 709.0 210.0 69.0 14.0 4.0 190.0 197.0
94.0 47.0 85.0 333.0 138.0 49.0 155.0 43.0 19.0 155.0 320.0 354.0 187.0 135.0 12.0 9.0 188.0 196.0
106.0 55.0 96.0 196.0 60.0 12.0 221.0 30.0 25.0 173.0 225.0 717.0 214.0 72.0 9.0 13.0 186.0 196.0
82.0 39.0 86.0 140.0 54.0 7.0 153.0 45.0 19.0 134.0 174.0 338.0 139.0 71.0 11.0 18.0 183.0 189.0
89.0 50.0 83.0 195.0 65.0 6.0 178.0 37.0 21.0 156.0 207.0 481.0 210.0 71.0 1.0 6.0 189.0 194.0
80.0 36.0 69.0 127.0 56.0 7.0 128.0 53.0 18.0 124.0 147.0 240.0 133.0 70.0 2.0 21.0 183.0 191.0
101.0 48.0 107.0 222.0 68.0 10.0 208.0 32.0 24.0 154.0 232.0 641.0 204.0 70.0 5.0 38.0 190.0 202.0
100.0 46.0 85.0 164.0 64.0 11.0 163.0 42.0 20.0 163.0 176.0 387.0 170.0 71.0 18.0 0.0 189.0 196.0
89.0 47.0 84.0 133.0 55.0 11.0 157.0 44.0 20.0 160.0 169.0 354.0 176.0 74.0 5.0 9.0 182.0 192.0
91.0 43.0 70.0 133.0 55.0 8.0 130.0 51.0 18.0 146.0 159.0 253.0 156.0 70.0 1.0 8.0 190.0 194.0
93.0 41.0 82.0 159.0 63.0 9.0 144.0 46.0 19.0 143.0 160.0 309.0 127.0 63.0 6.0 10.0 199.0 207.0
102.0 54.0 98.0 177.0 56.0 10.0 219.0 31.0 25.0 171.0 219.0 706.0 223.0 72.0 5.0 17.0 186.0 196.0
86.0 39.0 58.0 125.0 55.0 5.0 117.0 57.0 17.0 134.0 140.0 204.0 148.0 69.0 7.0 6.0 190.0 194.0
104.0 56.0 96.0 231.0 74.0 11.0 220.0 30.0 25.0 172.0 223.0 713.0 218.0 73.0 6.0 16.0 186.0 195.0
90.0 42.0 63.0 144.0 59.0 7.0 131.0 50.0 18.0 142.0 154.0 259.0 162.0 65.0 15.0 3.0 197.0 204.0
85.0 39.0 68.0 119.0 52.0 5.0 128.0 53.0 18.0 135.0 148.0 241.0 142.0 75.0 8.0 8.0 182.0 187.0
97.0 59.0 108.0 227.0 70.0 11.0 224.0 30.0 25.0 186.0 225.0 732.0 218.0 70.0 10.0 25.0 186.0 198.0
86.0 38.0 89.0 176.0 59.0 9.0 169.0 39.0 20.0 132.0 190.0 428.0 148.0 67.0 7.0 33.0 193.0 202.0
80.0 38.0 64.0 130.0 59.0 8.0 134.0 51.0 18.0 126.0 152.0 259.0 135.0 76.0 1.0 23.0 179.0 188.0
94.0 46.0 91.0 175.0 70.0 12.0 157.0 43.0 20.0 155.0 172.0 358.0 192.0 69.0 15.0 21.0 190.0 200.0
95.0 42.0 96.0 197.0 65.0 9.0 178.0 37.0 21.0 141.0 199.0 474.0 149.0 67.0 1.0 29.0 193.0 200.0
91.0 38.0 70.0 160.0 66.0 25.0 140.0 47.0 18.0 139.0 162.0 296.0 130.0 67.0 4.0 11.0 192.0 202.0
88.0 42.0 66.0 133.0 57.0 6.0 123.0 54.0 17.0 144.0 147.0 227.0 160.0 66.0 8.0 4.0 193.0 198.0
91.0 39.0 77.0 153.0 59.0 8.0 139.0 48.0 18.0 139.0 159.0 289.0 123.0 62.0 8.0 17.0 201.0 209.0
78.0 36.0 60.0 116.0 56.0 6.0 123.0 55.0 17.0 124.0 141.0 221.0 121.0 78.0 3.0 16.0 178.0 185.0
88.0 35.0 50.0 121.0 58.0 5.0 114.0 59.0 17.0 122.0 132.0 192.0 138.0 74.0 21.0 4.0 182.0 187.0
107.0 45.0 92.0 197.0 62.0 10.0 188.0 35.0 22.0 148.0 202.0 526.0 159.0 64.0 12.0 20.0 195.0 203.0
87.0 40.0 81.0 162.0 68.0 10.0 146.0 46.0 19.0 139.0 167.0 317.0 157.0 70.0 0.0 13.0 189.0 199.0
109.0 51.0 100.0 197.0 59.0 10.0 192.0 34.0 22.0 161.0 210.0 553.0 195.0 64.0 14.0 3.0 196.0 202.0
103.0 54.0 91.0 179.0 57.0 11.0 220.0 31.0 25.0 170.0 220.0 707.0 198.0 72.0 1.0 32.0 186.0 198.0
90.0 46.0 75.0 133.0 55.0 11.0 160.0 43.0 20.0 161.0 173.0 369.0 171.0 77.0 0.0 16.0 182.0 192.0
87.0 47.0 81.0 149.0 62.0 9.0 147.0 45.0 19.0 152.0 171.0 325.0 181.0 72.0 0.0 6.0 188.0 198.0
88.0 44.0 77.0 167.0 59.0 6.0 151.0 44.0 19.0 145.0 175.0 343.0 177.0 64.0 9.0 12.0 202.0 208.0
90.0 39.0 57.0 114.0 48.0 7.0 135.0 51.0 18.0 139.0 155.0 261.0 151.0 85.0 12.0 8.0 183.0 182.0
89.0 36.0 51.0 109.0 52.0 6.0 118.0 57.0 17.0 129.0 137.0 206.0 125.0 80.0 2.0 14.0 181.0 185.0
94.0 45.0 81.0 166.0 67.0 9.0 145.0 46.0 19.0 147.0 164.0 313.0 179.0 66.0 11.0 14.0 194.0 202.0
94.0 50.0 84.0 138.0 57.0 10.0 156.0 44.0 20.0 170.0 171.0 351.0 187.0 77.0 5.0 6.0 182.0 191.0
96.0 39.0 58.0 117.0 51.0 6.0 133.0 52.0 18.0 139.0 154.0 255.0 150.0 86.0 6.0 0.0 181.0 182.0
95.0 51.0 96.0 196.0 63.0 9.0 190.0 35.0 22.0 161.0 208.0 543.0 235.0 68.0 13.0 0.0 191.0 198.0
87.0 45.0 66.0 139.0 58.0 8.0 140.0 47.0 18.0 148.0 168.0 294.0 175.0 73.0 3.0 12.0 188.0 196.0
86.0 34.0 62.0 140.0 61.0 7.0 122.0 54.0 17.0 127.0 141.0 223.0 112.0 64.0 2.0 14.0 200.0 208.0
85.0 39.0 57.0 126.0 56.0 6.0 114.0 58.0 17.0 135.0 134.0 195.0 145.0 64.0 17.0 7.0 197.0 202.0
88.0 39.0 76.0 155.0 62.0 8.0 137.0 48.0 18.0 137.0 156.0 281.0 124.0 63.0 3.0 6.0 201.0 209.0
98.0 55.0 101.0 228.0 70.0 9.0 210.0 31.0 24.0 168.0 236.0 661.0 245.0 72.0 1.0 6.0 188.0 197.0
97.0 37.0 76.0 169.0 60.0 8.0 161.0 41.0 20.0 131.0 189.0 391.0 136.0 72.0 0.0 0.0 188.0 192.0
86.0 44.0 78.0 164.0 68.0 9.0 142.0 46.0 18.0 147.0 168.0 305.0 171.0 70.0 1.0 11.0 190.0 201.0
96.0 52.0 104.0 222.0 67.0 9.0 198.0 33.0 23.0 163.0 217.0 589.0 226.0 67.0 12.0 20.0 192.0 201.0
94.0 45.0 85.0 163.0 68.0 10.0 157.0 44.0 20.0 156.0 170.0 357.0 176.0 73.0 17.0 11.0 187.0 195.0
89.0 38.0 78.0 153.0 61.0 7.0 146.0 46.0 19.0 127.0 166.0 314.0 142.0 69.0 0.0 9.0 187.0 194.0
86.0 39.0 84.0 149.0 57.0 8.0 156.0 43.0 20.0 133.0 185.0 358.0 157.0 74.0 0.0 23.0 183.0 190.0
86.0 38.0 58.0 119.0 56.0 4.0 118.0 57.0 17.0 129.0 140.0 208.0 152.0 78.0 9.0 2.0 184.0 186.0
98.0 54.0 104.0 186.0 59.0 10.0 213.0 32.0 24.0 172.0 223.0 665.0 217.0 73.0 1.0 26.0 186.0 195.0
92.0 40.0 66.0 111.0 48.0 7.0 139.0 50.0 19.0 140.0 159.0 277.0 148.0 85.0 12.0 19.0 182.0 183.0
90.0 44.0 69.0 152.0 64.0 7.0 135.0 49.0 18.0 145.0 165.0 272.0 162.0 75.0 3.0 2.0 187.0 191.0
90.0 43.0 66.0 157.0 65.0 9.0 137.0 48.0 18.0 146.0 162.0 281.0 164.0 67.0 3.0 3.0 193.0 202.0
96.0 54.0 104.0 175.0 58.0 10.0 215.0 31.0 24.0 175.0 221.0 682.0 222.0 75.0 13.0 23.0 186.0 194.0
92.0 43.0 69.0 158.0 56.0 7.0 149.0 44.0 19.0 143.0 170.0 333.0 168.0 63.0 14.0 18.0 198.0 203.0
98.0 44.0 78.0 160.0 63.0 8.0 142.0 47.0 18.0 148.0 160.0 300.0 171.0 63.0 19.0 2.0 201.0 207.0
86.0 39.0 60.0 140.0 60.0 7.0 119.0 55.0 17.0 134.0 140.0 212.0 141.0 61.0 7.0 8.0 200.0 207.0
97.0 48.0 105.0 212.0 64.0 11.0 201.0 33.0 23.0 155.0 212.0 602.0 162.0 64.0 2.0 7.0 193.0 202.0
99.0 55.0 101.0 206.0 62.0 13.0 222.0 30.0 25.0 180.0 225.0 722.0 213.0 71.0 2.0 3.0 186.0 196.0
