-0.3496615385163479 -1.2859091090933534 -1.1464817097744209 -0.06844804866334976 -0.0038335894520588575 -1.0932576763337825 -1.0183096344909284 -2.5601053506652773 -1.0120681129438787 -0.6004071170668175 6.059621248232519 0.9177367058315273 -0.0027580371559616235
-1.4085579742703407 1.1998147662502008 -1.2606031663369608 -0.06844804866334976 0.05154048041101318 -2.719462181774261 -2.1662223133716134 8.448999083493316 -2.777396076326647 -0.5889691151297298 -3.5021799481782696 -1.938817500123656 -0.0023525535426043775
1.6150378724007 2.696454795907315 1.135947421476324 0.009988990451360468 0.04728093657539226 1.1088942581168644 0.2962355300337271 -2.5601053506652773 -1.7389678625720772 0.3985117187721723 -6.689447013648532 1.6765089167883724 0.0023510563723396737
1.6405534491658558 -0.3358680467892726 1.021825964913789 -0.2776134863025774 0.11543363794532707 0.9394979554668136 1.0553390757451482 -4.253813725151212 1.8609166117770979 0.5510184112666744 -0.669053667760256 4.309894825403306 0.0022294112883325
0.8750861462111628 -0.20572543551474085 4.103105292102299 -0.13816986120975902 0.05154048041101318 1.1088942581168644 0.7776182663385309 -2.5601053506652773 -1.0120681129438787 1.1839211851188587 7.830325173493778 -0.3320057592738662 0.004216280993783004
1.8191624865219493 -0.023525779730396712 1.8206761608515492 -0.1730307674829635 0.055800024246634106 4.49682031111786 1.8514720627107848 -7.641230474123089 1.4801596000670894 1.3745545507369865 -7.043587798700783 2.21211283040497 0.0055949252791976396
0.27547009222998536 0.5100589264951828 3.760740922414684 -0.016156689253542737 0.004685498219182994 0.9394979554668136 1.3886040470330894 -2.5601053506652773 3.660858848951685 0.5662690805161246 -1.0231944528125076 0.9623703652995762 0.0032025719603898896
-1.906111721190892 0.5621159710049956 0.907704508351249 0.10585648270267324 -0.016612220958921637 1.2782905607669135 0.5554416188132368 -0.8663969761793384 0.2686600173534244 -0.36020907638797645 -9.16843250901429 1.9443108735966712 -0.001338844509211263
-1.6637137419219041 0.1196310926715882 1.364190334601399 0.24530010779549177 -0.06772674698637275 -1.9402391895840323 -1.481177650168624 12.683270019708159 -1.392825124653887 -0.5317791054442915 -2.085616807969263 -0.9122433323585123 -0.0008928125345182927
0.05858768972615567 -0.3879250912990853 2.961890726476924 0.9773791395327882 0.1665481639727782 2.6334609819673114 0.7405888250843152 -10.181793035851996 0.7186455766470708 -0.32208240326435084 8.892747528650533 2.4352811277452178 0.0015806375069609066
-0.6048173061679115 -0.5831390082108826 -1.6029675360245708 0.01870421701966174 0.26451767219205946 -0.07687986043348446 -0.40732385379637004 -0.8663969761793384 5.287729717167177 -0.6080324516915425 3.580635752866757 -1.4478472459751095 0.0011913732381379507
-0.6686062480808035 3.2040109798779874 4.445469661789909 0.672346209642248 0.00894504205480392 -1.0932576763337825 -0.6665299425758798 8.448999083493316 -0.14671126814840385 -0.8062911519343955 -4.918743088387273 0.7392020679593283 -0.0034473592986689412
-0.2220836546905661 1.9025848671326715 -4.113639580400395 -0.24275258002937278 -0.08476492232885645 -3.024375526544351 -2.2958253577613683 8.448999083493316 -3.192767361828475 -0.30301906670253814 -12.709840359536807 -3.724163878845645 -0.003390591592798927
1.1302419138627264 -0.5180677025736168 3.190133639601999 0.10585648270267324 0.06431911191787595 1.4476868634169642 1.6848395770668139 5.908436521764413 -0.11209699435658482 0.9170344732534798 2.5182133977100016 -1.715649202783408 0.002756539985696919
0.10961884325646748 -1.3900231981129785 -7.194918907588906 -0.24275258002937278 -0.059207659315130896 -1.9402391895840323 -0.8516771488469582 -7.641230474123089 -1.0120681129438787 0.1545010107809685 4.643058108023512 -2.117352137995855 -0.0032283981474560287
1.2195464325407743 -0.3749108301716321 -2.5159391885248708 -0.24275258002937278 0.004685498219182994 1.9558757713671133 1.6663248564397064 -10.181793035851996 1.3417025048998132 0.7264011076353519 -5.2728838734395245 1.6765089167883724 0.0015806375069609066
-0.7323951899936956 -0.9865811031619307 2.505404900226774 -0.05973282209504849 -0.008093133287679783 -0.34791394467356435 0.2962355300337271 3.3678739600355043 1.134016862148899 0.1545010107809685 4.643058108023512 -2.920758008420751 -0.0009090318790525826
-1.153402206618777 3.0348255852210966 0.45121868210109906 0.28016101406869626 -0.08476492232885645 -1.4320502816338825 -1.3700893264059768 7.602144896250347 -1.392825124653887 -0.6080324516915425 -9.522573294066541 -1.715649202783408 -0.0017037797612327844
1.3726398931317119 -0.3749108301716321 -1.488846079462036 -0.24275258002937278 -0.016612220958921637 0.4313090475166646 -0.296235530033723 -5.94752209963715 0.7878741242307089 0.19262768390459425 -0.669053667760256 2.8369840629576646 0.001986121120318152
0.6964771088550669 -0.40093935242653844 -1.1464817097744209 0.45446554543471923 -0.05494811547950997 -2.1773940132941023 -1.2034568407620063 -5.100667912394181 -2.500481885992095 -0.1733883780822111 -2.7938983780737665 -0.7783423539543639 -0.0025796243660844353
0.45407912958608126 -0.32285378566181944 -2.287696275399796 -0.15560031434636126 -0.02513130863016349 -0.41567246573358435 -0.5554416188132327 -5.100667912394181 -1.392825124653887 -0.09332236452259746 -1.3773352378647594 -0.8229760134224127 0.0040135391871043815
-1.000308746027837 -0.46601065806380404 -0.34763151383666085 0.3498828266151055 -0.04216948397264719 -2.516186618594201 -1.481177650168624 8.448999083493316 -0.6659253750256884 -0.6652224613769808 9.601029098755037 -3.09929264629295 -0.002393101903940102
0.505110283116393 -1.3379661536031662 0.22297576897602409 -0.15560031434636126 0.043021392739771326 0.024757921156544748 -2.203251754625829 18.611249330408945 -4.611952587293054 -0.3907104148868769 -1.3773352378647594 -4.5722034087385905 -0.00032513547581814866
0.13513442002162565 4.986964754339071 -2.401817731962336 0.23658488122719049 -0.059207659315130896 0.32967126592663537 0.2962355300337271 -2.5601053506652773 0.8917169456061652 -0.6080324516915425 -11.647418004380052 0.6499347490232288 -0.0033257142146617675
1.0154218184195225 -0.3879250912990853 -1.0323602532118858 -0.2078916737561683 0.07709774342473874 0.2619127448666154 0.7591035457114227 -10.181793035851996 -0.45823973227477427 0.631084424826288 -4.918743088387273 1.0962713437037264 0.002188862926996775
0.8112972042982707 -0.40093935242653844 0.22297576897602409 0.027419443587963017 0.025983217397287626 1.1427735186468735 1.2960304438975496 -9.334938848609026 0.6840313028552518 1.0314144926243567 1.1016502575010028 -0.3320057592738662 0.005878763808547712
0.7857816275331149 -0.30983952453436625 1.364190334601399 0.149432615544179 0.06857865575349688 1.4815661239469735 0.5369268981861286 -11.028647223094962 2.414744992446202 0.7835911173207905 -2.7938983780737665 0.33749913274687937 0.0026754432630254703
1.7298579678439037 -0.06256856311275623 4.331348205227374 0.10585648270267324 0.08561683109598059 0.9394979554668136 1.2034568407620108 -0.019542788936368988 0.7532598504388899 0.7645277807589776 0.3933686873964992 -1.35857992703901 0.003972990825768657
-0.8854886505846332 -0.30983952453436625 -2.5159391885248708 0.01870421701966174 -0.08476492232885645 -2.9566170054843313 -0.8516771488469582 3.3678739600355043 -0.423625458482956 -0.30301906670253814 -2.085616807969263 0.9623703652995762 -0.0022714568199329282
0.16064999678678155 -0.609167530465789 -2.7441821016499457 -0.2863287128708785 -0.008093133287679783 -0.41567246573358435 0.27772080940661964 -4.253813725151212 -1.323596577070249 -0.18863904733166137 4.28891732297126 -1.180045289166811 0.0018644760363109786
-0.2858725966034559 -0.20572543551474085 -1.6029675360245708 0.0012737638830595027 -0.059207659315130896 -1.0932576763337825 0.07405888250843301 -5.94752209963715 0.06097437460251028 -0.11238570108441033 3.580635752866757 0.8284693868954278 -0.0006170836774353655
1.5002177769574938 -0.6351960527206953 -0.2335100572741259 -0.1730307674829635 -0.02087176479454256 -1.0932576763337825 -0.11108832376264458 -5.94752209963715 -0.6313111012338694 0.3070077032754709 3.9347765379190087 -0.5998077160821649 0.003972990825768657
0.13513442002162565 2.4621980956131573 -0.2335100572741259 0.323737146910202 -0.06346720315075183 -2.9566170054843313 -1.666324856439702 23.69237445386675 -0.45823973227477427 0.2307543570282197 -7.751869368805287 -4.215134132994193 -0.002230908458597204
1.0536951835672563 -0.08859708536766259 3.874862378977224 -0.14688508777806 0.06431911191787595 1.6170831660670133 0.5554416188132368 5.061582334521443 -0.2505540895238609 0.8026544538826031 2.5182133977100016 -0.10883746193361636 0.004743409691147424
0.7219926856202228 -0.21873969664219403 3.532498009289609 0.01870421701966174 0.043021392739771326 -0.5850687683836335 0.07405888250843301 -3.406959537908247 -0.7351539226093264 0.0019943182864664523 1.4557910425532543 -0.376639418741915 0.0024727014563468474
0.7857816275331149 -0.3358680467892726 -0.34763151383666085 -0.22532212689277054 0.07283819958911782 2.1252720740171624 1.481177650168628 0.8273113983066005 2.033987980736192 0.7378391095724397 -3.8563207332305214 1.8996772141286205 3.979977620337257e-05
1.6022800840181197 -0.27079674115200675 1.250068878038864 -0.312474392575782 0.05154048041101318 2.531823200377282 1.6663248564397064 0.8273113983066005 0.7532598504388899 0.9742244829389182 -0.3149128827080042 -0.46590673767801455 0.005351635111183292
-1.3702846091226066 3.0478398463485497 0.5653401386636391 0.19300874838568474 -0.0762458346576146 1.1427735186468735 0.9997949138638242 -10.181793035851996 4.007001586869875 -0.5317791054442915 -10.939136434275548 3.0601523602979146 -0.0033257142146617675
0.9899062416543666 -0.7002673583579612 1.8206761608515492 -0.18174599405126476 0.03450230506852948 2.9722535872674114 2.1847370339987253 -11.875501410337932 0.9955597669816231 0.993287819500731 -5.981165443544028 -0.376639418741915 0.0040135391871043815
0.9771484532717887 -0.140654129877475 0.22297576897602409 -0.19046122061956575 0.004685498219182994 0.29579200539662465 0.722074104457207 -5.100667912394181 -0.21593981573204188 -0.15051237420803593 1.809931827605506 4.6669641011477045 0.001986121120318152
-1.102371053088463 0.14565961492649454 -7.309040364151443 -0.11202418150485552 -0.01235267712330071 -0.9916198947437533 -0.5924710600674484 -5.94752209963715 -1.2197537556947926 -0.34114573982616375 7.476184388441526 0.025063516470531958 -0.0006495223665039453
-1.6892293186870624 0.028531264779415984 -0.6899958835242759 -0.06844804866334976 -0.008093133287679783 1.6848416871270333 -0.4258385744234783 -13.569209784823869 -1.392825124653887 -0.36020907638797645 3.580635752866757 0.025063516470531958 -0.0036095527440118394
-0.6686062480808035 0.7573298879167929 -0.8041173400868109 0.28016101406869626 -0.04216948397264719 -2.854979223894301 -1.2034568407620063 27.9266453900816 -1.1505252081111546 -0.569905778567917 -7.043587798700783 1.5426079383842222 -0.0038528429120261868
1.181273067393038 -0.08859708536766259 5.244319857727669 0.05356512329286622 0.03024276123290855 1.4476868634169642 0.888706590101178 3.3678739600355043 0.02636010081069126 0.11637433765734306 6.7679028183370225 1.98894453306472 0.0010129604482607625
0.8878439345937407 1.4731142499267171 2.505404900226774 -0.312474392575782 0.06857865575349688 0.6007053501667152 0.9997949138638242 -13.569209784823869 -0.31978263710749893 0.3451343763990963 -3.5021799481782696 1.810409895192521 0.00044528338956061834
-1.2044333601490889 -1.363994675858072 -3.885396667275321 0.01870421701966174 -0.059207659315130896 -0.34791394467356435 -0.4258385744234783 -2.5601053506652773 -1.1159109343193356 -0.6461591248151681 11.371733024016287 0.7392020679593283 -0.004152900785910549
1.6277956607832778 2.631383490270049 1.934797617414084 -0.48677892394180505 0.119693181780948 1.6170831660670133 1.0183096344909324 -11.028647223094962 1.134016862148899 0.3451343763990963 -5.981165443544028 2.569182106149366 -0.0002440387531466995
1.4236710466620262 0.23675944281866648 3.076012183039459 -0.10330895493655423 0.08987637493160151 0.2619127448666154 0.037029441254217324 -1.713251163422308 -1.7389678625720772 0.3260710398372836 0.03922790234424749 2.792350403489616 0.00409463590977583
0.594414801794441 2.4361695733582507 -2.5159391885248708 0.0012737638830595027 -0.04216948397264719 -0.24627616308353364 0.35177969191505104 -5.100667912394181 -0.9428395653602405 0.03249565678536693 -5.2728838734395245 0.20359815434273104 0.001986121120318152
-1.2554645136794007 -1.1427522366913685 -0.4617529703992009 0.19300874838568474 0.004685498219182994 2.9044950662073914 -0.6480152219487716 -16.956626533795745 -0.35439691089931796 -0.3754597456374267 -2.4397575930215147 0.7838357274273771 0.0007777799525135599
0.13513442002162565 -0.41395361355399163 2.391283443664234 -0.06844804866334976 -0.008093133287679783 -0.24627616308353364 -0.11108832376264458 -3.406959537908247 -1.0812966605275165 0.021057654848279164 2.164072612657758 -1.9834511595917068 0.0025537981790182966
-0.9875509576452591 -0.6742388361030548 2.163040530539159 0.01870421701966174 0.017464129726045774 -2.143514752764092 -1.3700893264059768 10.142707457979256 -2.500481885992095 -0.47458909575885305 13.850718519382049 -3.2331936246970985 -0.0035284560213403905
0.3775323992906113 0.8093869324266055 6.043170053665434 0.19300874838568474 0.07709774342473874 0.9394979554668136 0.37029441254215845 5.061582334521443 0.23404574356160537 0.04774632603481717 -0.669053667760256 -0.10883746193361636 -0.00044678055982532236
1.6277956607832778 -0.34888230791672575 -0.4617529703992009 -0.21660690032446925 0.07709774342473874 2.294668376667213 0.9442507519825011 -5.94752209963715 0.9609454931898033 0.8331557923815036 -4.210461518282774 1.587241597852273 0.001458992422953733
-0.8344574970543214 -0.46601065806380404 -1.488846079462036 0.1407173889758777 0.013204585890424846 -4.819976334634878 -2.721663932184848 3.3678739600355043 -1.0120681129438787 -0.43646242263522766 -5.4145401874604255 -5.063173662887137 0.0006480251962392412
-0.6558484596982256 -0.5701247470834294 -0.5758744269617359 0.23658488122719049 -0.059207659315130896 0.7362223922867552 1.2219715613891182 5.061582334521443 0.06097437460251028 -0.0971350318349601 -13.063981144589059 -0.5105403971460653 -0.003552785038141825
-1.4085579742703407 -1.403037459240432 2.733647813351849 -0.06844804866334976 -0.02513130863016349 -1.0932576763337825 -0.518412177559017 -9.334938848609026 2.068602254528012 -0.43646242263522766 -9.522573294066541 0.5606674300871292 -0.0021903600972614794
-1.102371053088463 -0.8304099696324926 -0.4617529703992009 0.41960463916151475 -0.1273603606850657 -1.0932576763337825 -1.666324856439702 7.602144896250347 -1.2889823032784307 -0.9359218405547224 0.3933686873964992 1.1409050031717753 -0.001338844509211263
-1.102371053088463 -0.7523244028677739 1.8206761608515492 0.323737146910202 -0.06772674698637275 0.12639570274657547 -0.37029441254215434 8.448999083493316 -2.465867612200276 -0.49365243232066597 -4.564602303335021 1.0516376842356756 -0.0032851658533260427
1.1685152790104603 -0.8043814473775863 -0.8041173400868109 -0.24275258002937278 -0.008093133287679783 1.5493246450069933 1.2219715613891182 -9.334938848609026 0.33788856493706243 1.1534198466199583 -1.7314760229170112 2.6584494250854656 0.0020672178429896014
1.1302419138627264 -0.41395361355399163 2.961890726476924 -0.13816986120975902 -0.02513130863016349 -0.24627616308353364 0.9257360313553936 -9.334938848609026 1.8609166117770979 0.5357677420172241 6.413762033284771 1.8550435546605717 0.003851345741761483
0.5688992250292851 -0.25778248002455356 3.190133639601999 -0.2340373534610715 -0.029390852465784413 1.1088942581168644 0.8331624282198541 0.8273113983066005 -1.0466823867356976 0.2307543570282197 -4.918743088387273 1.185538662639826 0.003283668683061339
-1.6381981651567483 -0.11462560762256893 -4.798368319775621 -0.24275258002937278 -0.01235267712330071 -3.0921340476043704 -1.7033542976939176 0.8273113983066005 -2.0851106004902675 -0.15051237420803593 6.059621248232519 -3.6348965599095453 -0.0029364499458388116
-1.6509559535393263 -0.3879250912990853 3.190133639601999 0.6287700768007423 -0.05068857164388904 -2.0418769711740623 -1.6292954151854864 5.908436521764413 -1.427439398445706 -0.6080324516915425 10.663451453911792 1.1409050031717753 -0.0018497538620413927
-1.9571428747212039 -1.5982513761522292 1.8206761608515492 0.19300874838568474 -0.05068857164388904 -0.14463838149350444 -0.8887065901011739 7.602144896250347 -1.0812966605275165 -0.4250244206981399 1.4557910425532543 -2.8761243489527004 -0.002887791912235942
1.5895222956355417 -0.4920391803187104 1.592433247726474 -0.199176447187867 0.03450230506852948 2.6334609819673114 2.666119770303529 -0.8663969761793384 0.37250283872888146 1.7176946088496163 6.059621248232519 -0.5998077160821649 0.007216859732626623
-0.1200213476299402 -0.4790249191912572 2.048919073976624 -0.085878501799952 -0.02087176479454256 -0.14463838149350444 -0.22217664752529162 -5.94752209963715 -1.0120681129438787 -0.10094769914732257 1.1016502575010028 3.0155187008298636 0.001823927674975254
-0.2858725966034559 -0.2838110022794599 -0.6899958835242759 0.323737146910202 -0.06772674698637275 -3.8713570397945998 -1.3515746057788691 12.683270019708159 -0.423625458482956 -0.34114573982616375 -6.33530622859628 -2.385154094804154 -0.0024498696098101164
-0.017959040569314317 2.3841125288484384 3.532498009289609 -0.016156689253542737 0.00894504205480392 -0.38179320520357357 -0.14811776501686025 -6.79437628688012 0.7878741242307089 0.11637433765734306 -1.0231944528125076 2.524548446681317 -0.00016294203047525032
-1.4468313394180745 0.19771665943630726 4.559591118352449 0.23658488122719049 0.14525044479467356 -3.12601330813438 -2.7772080940661716 -16.109772346552774 -0.6659253750256884 -0.6461591248151681 -3.8563207332305214 -3.09929264629295 -0.001338844509211263
1.1685152790104603 -0.5961532693383358 3.760740922414684 0.5416178111177308 -0.059207659315130896 1.4476868634169642 0.6850446632029913 -10.181793035851996 0.4071171125207005 -0.3106444013272633 10.663451453911792 0.9177367058315273 -0.00308242404664742
1.0281796068021005 -0.30983952453436625 0.7935830517887141 -0.24275258002937278 -0.04642902780826812 0.2619127448666154 0.49989745693191295 -3.406959537908247 0.19943146976978637 0.5357677420172241 3.226494967814505 -0.24273844033776668 0.004297377716454454
-0.7834263435240073 -1.2728948479659004 -4.456003950088008 -0.3473352988489865 0.1537695324659154 -2.1096354922340823 -1.1849421201348984 1.6741655855495652 3.487787479992589 -0.30301906670253814 0.03922790234424749 -2.8761243489527004 -0.00032513547581814866
-0.324145961751192 -0.5701247470834294 -0.9182387966493509 0.16686306868078124 -0.08476492232885645 -3.8713570397945998 -1.9070162245921038 21.151811892137843 -0.45823973227477427 -0.43646242263522766 -3.5021799481782696 -3.9919658356539434 -0.002393101903940102
-0.7834263435240073 -1.1297379755639154 -0.6899958835242759 -0.24275258002937278 0.004685498219182994 -1.6014465842839332 -2.592060887795093 25.38608282835269 -4.646566861084873 -0.35258374176325136 6.7679028183370225 -5.732678554907884 -0.0008928125345182927
-1.4723469161832325 0.21073092056376014 5.016076944602594 0.846650741008271 -0.03365039630140534 -1.3304125000438531 -0.46286801567769315 21.151811892137843 0.02636010081069126 -0.45552575919704036 -3.1480391631260183 -2.295886775868054 -0.0026282823996873045
1.2705775860710862 -0.30983952453436625 -0.8041173400868109 -0.12073940807315679 0.03450230506852948 1.2105320397068935 1.9440456658463237 -0.8663969761793384 1.134016862148899 1.793947955096868 2.164072612657758 0.6499347490232288 0.0038107973804257585
-1.115128841471041 0.24977370394611995 -1.9453319057121858 0.19300874838568474 -0.06346720315075183 0.2619127448666154 0.2962355300337271 3.3678739600355043 -1.392825124653887 -0.5470297746937418 -7.043587798700783 1.4533406194481227 -0.003341933559196057
1.4236710466620262 -0.439982135808898 -0.6899958835242759 -0.24275258002937278 0.11117409410970615 1.6170831660670133 1.259001002643334 -7.641230474123089 1.2032454097325371 0.5548310785790371 1.1016502575010028 3.3725879765742617 -8.184530780380116e-05
-1.7019871070696404 -0.8043814473775863 4.103105292102299 0.10585648270267324 -0.02513130863016349 0.7362223922867552 0.7961329869656384 -3.406959537908247 2.553202087613478 -0.5889691151297298 -3.5021799481782696 1.3640733005120231 -0.0008928125345182927
0.42856355282092307 -0.4269678746814448 5.700805683977819 -0.2863287128708785 0.043021392739771326 0.2619127448666154 0.35177969191505104 0.8273113983066005 -1.358210850862068 0.1545010107809685 1.1016502575010028 -0.7783423539543639 0.0007291219189106904
-0.4389660571943958 -0.8173957085050395 -5.026611232900696 -0.02487191582184401 -0.05068857164388904 -3.63420221608453 -2.092163430863182 -3.406959537908247 -1.392825124653887 -0.6652224613769808 -0.669053667760256 -0.8229760134224127 -0.0018497538620413927
0.683719320472489 -0.20572543551474085 0.7935830517887141 0.149432615544179 0.00042595438356206837 0.6007053501667152 0.9072213107282854 -5.94752209963715 0.37250283872888146 0.3451343763990963 -0.669053667760256 2.3013801493410693 0.001053508809596487
-0.923762015732367 -0.8824670141423053 -4.570125406650546 0.01870421701966174 -0.03365039630140534 -0.5511895078536243 -0.83316242821985 5.061582334521443 1.134016862148899 -0.569905778567917 -7.043587798700783 0.2928654732788306 -0.0038771719288276216
-0.5537861526375997 -0.30983952453436625 -4.113639580400395 0.149432615544179 -0.06346720315075183 -1.0932576763337825 -1.055339075745144 -0.8663969761793384 -0.9428395653602405 -0.47840176307121574 -0.669053667760256 2.747716744021565 -0.000957689912655452
1.4747022001923378 0.06757404816177551 0.6794615952261741 0.0012737638830595027 0.013204585890424846 0.7701016528167645 0.7961329869656384 -0.8663969761793384 2.172445075903468 0.7645277807589776 0.3933686873964992 -0.9122433323585123 0.002188862926996775
1.0409373951846783 -0.5701247470834294 4.103105292102299 0.06228034986116749 0.1367313571234317 1.4476868634169642 0.4628680156776981 14.376978394194099 -1.392825124653887 0.45951439576997327 6.7679028183370225 0.20359815434273104 0.0036080555737471355
-1.2044333601490889 1.9025848671326715 -3.885396667275321 0.01870421701966174 -0.05494811547950997 -1.7708428869339823 -1.573751253304163 3.3678739600355043 0.4071171125207005 -1.1113045369233998 -4.564602303335021 0.4267664516829789 -0.0018335345175071029
-0.8344574970543214 1.564214077818889 -1.488846079462036 -0.06844804866334976 -0.05068857164388904 1.1088942581168644 0.9257360313553936 10.142707457979256 3.660858848951685 -0.7224124710624193 12.788296164225294 -0.5551740566141141 -0.0031148627357159998
1.0026640300369445 -0.609167530465789 4.103105292102299 0.323737146910202 0.004685498219182994 1.6170831660670133 1.4071187676601966 -3.406959537908247 2.172445075903468 0.5738944151408498 4.643058108023512 -1.0907779702307114 0.0040135391871043815
-0.7323951899936956 -1.1687807589462749 -2.7441821016499457 -0.02487191582184401 -0.05068857164388904 3.378804713627531 2.332854799015588 -7.641230474123089 0.6840313028552518 0.11637433765734306 -0.669053667760256 -0.8229760134224127 -0.001055005979861191
-0.5410283642550217 0.6011587543873553 -1.9453319057121858 0.19300874838568474 -0.05068857164388904 0.09251644221656471 -0.40732385379637004 -5.94752209963715 -1.8428106839475342 -0.836792490433296 -5.627024658491776 -0.7783423539543639 -0.003771746189354738
-1.2044333601490889 -0.5961532693383358 0.907704508351249 0.28016101406869626 -0.059207659315130896 -3.63420221608453 -2.2958253577613683 14.376978394194099 -0.423625458482956 -0.22676572045528695 -0.3149128827080042 -1.35857992703901 -0.0027580371559616235
-0.311388173368614 2.475212356740611 0.6794615952261741 0.36731327975170774 0.004685498219182994 1.0411357370568444 0.11108832376264868 8.448999083493316 0.6840313028552518 -0.6194704536286303 4.643058108023512 0.7838357274273771 -0.0026526114164887394
-1.4340735510354965 -0.6482103138481485 -3.9995181238378583 0.1755782952490825 -0.059207659315130896 -1.8386014079940023 -1.647810135812594 -2.5601053506652773 -0.7697681964011455 -0.8558558269951086 -3.8563207332305214 1.6765089167883724 -0.002393101903940102
-1.5106202813309666 0.9265152825736844 6.613777336478119 0.10585648270267324 0.013204585890424846 -2.6178244001842312 -0.8516771488469582 22.845520266623783 -2.4312533384084567 -0.15051237420803593 6.059621248232519 -2.0280848190597554 -0.0014848186100198716
1.8446780632871076 -0.1276398687500218 1.250068878038864 -0.3647657519855889 -0.016612220958921637 -0.07687986043348446 0.05554416188132558 -2.5601053506652773 0.7878741242307089 0.4023243860845348 -1.3773352378647594 2.792350403489616 0.0040540875484401055
-0.38793490366408173 -0.7913671862501331 -3.657153754150246 -0.1730307674829635 0.00042595438356206837 -1.7030843658739623 -1.9995898277276432 16.917540955923005 -3.9196671114566732 0.5929577517026626 -2.7938983780737665 -6.089747830652281 -0.0027580371559616235
-0.7323951899936956 -0.439982135808898 -0.4617529703992009 0.49804167827622503 -0.05068857164388904 -1.0254991552737627 -0.07405888250842889 5.908436521764413 0.5109599338961568 -0.7910404826849453 -5.981165443544028 -0.7783423539543639 -0.003633881760813274
-0.9365198041149451 -1.012609625416837 -6.738433081338756 -0.1730307674829635 0.2176626900002293 -2.279031794884131 -2.2402811958800446 -16.109772346552774 2.5878163614052965 -0.5127157688824787 7.830325173493778 0.5160337706190784 -0.0005846449883667859
0.3265012457602972 -0.24476821889710038 -2.287696275399796 -0.6610834553078281 0.00042595438356206837 0.4313090475166646 0.49989745693191295 -5.94752209963715 -1.63512504119662 0.07062232990899235 -0.3149128827080042 1.98894453306472 0.0021077662043253263
-0.7323951899936956 -1.0386381476717435 -4.798368319775621 0.07099557642946877 -0.09328401000009831 -1.3981710211038731 -0.9072213107282813 -5.100667912394181 -2.465867612200276 0.18500234927986897 2.164072612657758 2.346013808809118 -0.0022714568199329282
0.3775323992906113 2.618369229142595 -0.5758744269617359 -0.11202418150485552 0.013204585890424846 0.3974297869866554 0.2592060887795114 -0.8663969761793384 -0.31978263710749893 0.0629969952842674 -8.46015093890979 0.20359815434273104 -0.0008928125345182927
0.9388750881240525 -0.1796969132598345 0.22297576897602409 -0.13816986120975902 0.017464129726045774 -0.34791394467356435 0.37029441254215845 7.602144896250347 0.7532598504388899 -0.1352617049585857 6.059621248232519 -0.376639418741915 0.001621185868296631
