0.0 1.0 0.0 -1.672 0.328 -0.833 -0.577 -0.363 0.84 0.18 0.682 -0.124 -0.109
1.0 11.0 0.0 -2.207 1.09 -0.627 0.024 0.912 0.662 0.241 0.348 -0.702 -0.912
0.0 0.0 0.0 -3.665 0.337 -0.641 1.791 -0.194 1.686 -0.359 0.57 -0.676 -0.841
1.0 8.0 0.0 -1.222 0.491 -0.716 0.004 -0.323 1.108 -0.148 0.773 0.387 -0.073
0.0 0.0 0.0 -3.593 0.29 -0.782 1.707 -0.175 1.662 -0.137 0.493 -0.492 -0.926
0.0 4.0 1.0 -3.485 -0.86 0.582 1.501 0.578 1.48 -0.663 -0.602 -0.318 0.575
0.0 1.0 0.0 -4.275 0.162 0.728 0.662 0.94 1.269 0.711 0.073 -0.827 -0.655
0.0 1.0 0.0 -1.945 0.352 -1.053 -0.228 -0.12 0.927 0.088 0.509 -0.279 -0.246
0.0 0.0 0.0 -3.624 0.305 -0.708 1.758 -0.194 1.675 -0.273 0.561 -0.577 -0.843
0.0 6.0 1.0 -3.431 -0.5 -0.362 1.173 1.59 0.956 0.162 -0.853 -0.364 0.084
1.0 12.0 1.0 -3.705 -0.204 0.274 1.569 0.883 1.366 -0.94 -0.691 -0.162 0.598
0.0 5.0 1.0 -3.091 0.935 -0.574 1.36 0.416 0.764 -0.48 -0.144 -1.295 0.696
0.0 4.0 1.0 -3.293 0.93 0.522 1.48 0.249 -0.661 -0.643 -0.094 -0.132 0.198
0.0 1.0 0.0 -4.102 0.209 0.414 0.423 0.985 1.434 0.663 0.036 -0.784 -0.668
1.0 10.0 0.0 -2.6 1.219 -1.315 0.589 0.311 0.364 0.451 0.35 -0.556 -0.314
0.0 0.0 0.0 -2.105 1.035 -1.705 0.231 -0.558 1.554 -0.649 0.71 -0.855 -0.151
1.0 14.0 1.0 -3.369 1.784 -0.603 1.303 0.007 -0.044 -0.459 -0.012 -0.591 1.047
0.0 3.0 0.0 -1.548 -0.4 -1.659 0.244 -0.101 1.562 0.551 1.248 0.129 -0.456
1.0 11.0 0.0 -2.391 -0.347 -1.474 0.843 0.089 2.021 0.417 0.502 -0.86 -0.978
1.0 14.0 1.0 -3.572 0.228 0.52 1.791 0.382 0.573 -0.961 -0.74 -0.936 1.007
1.0 9.0 0.0 -2.008 0.785 -1.489 0.654 -0.685 0.313 -0.085 0.856 -0.516 -0.053
0.0 2.0 0.0 -1.215 -0.288 -2.423 0.834 -0.379 2.266 0.503 1.337 -1.36 -0.682
1.0 12.0 1.0 -2.527 -0.926 -0.571 1.613 0.628 1.229 -0.687 -0.808 -0.354 0.625
1.0 11.0 0.0 -2.306 1.086 -0.59 0.106 0.931 0.733 0.213 0.274 -0.684 -0.911
1.0 14.0 1.0 -3.242 1.615 -0.829 1.589 0.09 0.051 -0.504 -0.211 -0.513 1.005
0.0 4.0 1.0 -3.034 -1.274 0.263 1.521 0.66 1.622 -0.361 -0.468 -0.74 0.517
0.0 3.0 0.0 -1.764 0.888 -1.001 0.197 0.3 0.66 0.159 0.557 -0.301 -0.65
0.0 0.0 0.0 -2.302 0.85 -1.646 0.455 -0.488 1.491 -0.617 0.819 -0.887 -0.08
1.0 12.0 1.0 -2.814 1.515 -0.088 0.597 -0.033 -0.29 -0.445 0.113 -0.136 0.662
0.0 6.0 1.0 -4.247 -0.034 0.248 1.372 1.831 1.167 0.087 -0.518 -0.316 0.347
0.0 2.0 0.0 -1.22 0.831 -1.674 0.94 -0.425 1.463 -0.063 1.135 -0.422 0.06
1.0 14.0 1.0 -3.661 0.3 0.53 1.816 0.333 0.444 -0.858 -0.732 -0.809 0.995
1.0 14.0 1.0 -4.047 0.913 0.734 1.479 0.258 0.206 -1.117 -0.423 -0.336 0.982
1.0 8.0 0.0 -2.677 0.486 -0.061 0.517 0.222 1.102 -0.425 -0.096 -0.373 -0.484
0.0 7.0 1.0 -4.426 1.167 0.008 1.315 0.189 -0.297 -0.124 -0.244 -0.423 0.684
1.0 8.0 0.0 -2.698 -1.027 -0.94 1.796 0.392 1.33 0.866 0.781 -0.838 -0.663
1.0 10.0 0.0 -2.667 1.132 -1.054 0.232 0.537 0.352 0.163 0.55 -0.688 -0.295
0.0 7.0 1.0 -3.753 0.828 -0.042 1.406 0.209 -0.53 -0.52 -0.4 -0.386 1.07
0.0 6.0 1.0 -4.687 0.406 0.889 1.464 1.618 1.021 -0.121 -0.398 -0.307 0.293
0.0 0.0 0.0 -2.255 0.902 -1.723 0.454 -0.524 1.453 -0.614 0.761 -0.885 -0.118
0.0 4.0 1.0 -3.693 -0.568 0.727 1.236 0.612 1.502 -0.804 -0.763 -0.346 0.788
0.0 6.0 1.0 -2.452 0.279 -0.805 1.141 0.239 0.176 -0.104 -0.752 -0.334 0.731
1.0 10.0 0.0 -3.047 1.267 -0.799 0.507 0.524 0.507 0.044 0.302 -0.731 -0.431
0.0 5.0 1.0 -2.875 0.868 -0.728 1.439 0.355 0.846 -0.378 -0.233 -1.072 0.505
0.0 4.0 1.0 -2.689 0.528 0.157 1.501 0.349 -0.412 -0.49 -0.512 -0.277 0.422
0.0 1.0 0.0 -4.477 0.246 1.087 1.108 0.682 1.057 0.424 -0.264 -1.195 -0.52
0.0 2.0 0.0 -1.768 0.786 -1.468 1.077 -0.347 1.704 -0.171 1.076 -0.691 -0.06
0.0 3.0 0.0 -1.921 0.719 -0.95 0.299 0.222 0.786 0.128 0.588 -0.462 -0.491
0.0 6.0 1.0 -3.76 -0.32 -0.24 1.273 1.751 1.125 0.23 -0.723 -0.501 0.315
1.0 9.0 0.0 -1.926 0.689 -1.433 0.716 -0.588 0.269 -0.044 0.716 -0.245 -0.285
0.0 4.0 1.0 -3.162 -1.137 0.3 1.44 0.688 1.645 -0.447 -0.518 -0.52 0.641
0.0 2.0 0.0 -1.384 -0.321 -2.266 0.937 -0.289 2.29 0.463 1.096 -1.436 -0.701
1.0 8.0 0.0 -2.594 0.621 -0.292 0.521 0.26 1.204 -0.337 0.261 -0.332 -0.51
1.0 13.0 1.0 -3.097 1.385 -0.173 1.392 -0.613 -0.143 -0.014 -0.565 -0.065 1.129
1.0 10.0 0.0 -4.066 0.398 -0.382 1.679 0.121 1.617 0.504 -0.315 -0.226 -0.873
0.0 4.0 1.0 -2.837 0.528 0.241 1.629 0.23 -0.545 -0.643 -0.231 -0.186 0.45
0.0 1.0 0.0 -4.158 -0.342 0.9 1.09 0.56 0.955 0.395 -0.328 -1.52 -0.498
1.0 11.0 0.0 -2.318 1.097 -0.832 0.26 0.821 0.588 0.402 0.327 -0.852 -0.773
1.0 8.0 0.0 -1.093 -0.922 -2.091 0.844 0.009 1.247 0.891 1.453 -0.089 -0.4
1.0 9.0 0.0 -3.019 0.058 -1.265 1.497 0.171 1.997 0.178 0.847 -1.16 -0.548
1.0 12.0 1.0 -2.676 1.411 -0.098 1.047 -0.04 -0.131 -0.56 -0.03 -0.192 0.705
1.0 9.0 0.0 -1.895 0.755 -1.388 0.638 -0.614 0.246 -0.033 0.693 -0.27 -0.346
1.0 9.0 0.0 -1.929 0.777 -1.415 0.598 -0.579 0.215 -0.061 0.733 -0.333 -0.235
0.0 7.0 1.0 -5.143 2.051 1.216 1.898 -0.555 -0.466 -0.842 0.011 0.461 0.193
1.0 11.0 0.0 -2.385 1.01 -0.754 0.37 0.785 0.471 0.415 0.318 -0.797 -0.679
0.0 2.0 0.0 -1.332 0.848 -1.665 0.97 -0.463 1.522 -0.159 1.101 -0.541 -0.05
1.0 14.0 1.0 -3.5 0.068 0.533 1.876 0.363 0.542 -0.982 -0.671 -1.006 1.101
1.0 12.0 1.0 -3.49 -0.474 0.187 1.747 0.733 1.307 -0.816 -0.787 -0.222 0.41
1.0 10.0 0.0 -3.337 -0.347 -0.79 2.129 -0.058 2.079 0.295 0.246 -0.687 -1.241
1.0 9.0 0.0 -2.045 0.819 -1.46 0.652 -0.701 0.352 -0.087 0.793 -0.567 -0.013
1.0 13.0 1.0 -4.756 1.197 1.431 1.54 0.262 -0.277 -0.741 0.075 -0.26 0.876
1.0 10.0 0.0 -3.644 -0.215 -0.579 2.307 0.046 1.945 0.28 0.272 -0.539 -1.226
1.0 9.0 0.0 -2.973 0.036 -1.273 1.519 0.195 1.98 0.131 0.832 -1.157 -0.547
0.0 7.0 1.0 -5.124 2.319 1.413 1.804 -0.277 -0.33 -0.746 0.221 0.06 0.46
1.0 13.0 1.0 -2.964 1.154 -0.373 1.511 -0.583 0.152 -0.012 -0.949 -0.054 1.16
1.0 8.0 0.0 -3.366 -0.826 -0.405 1.643 0.603 1.226 0.524 0.293 -0.858 -0.668
0.0 3.0 0.0 -2.058 -0.61 -1.497 0.696 0.072 1.802 0.626 1.303 -0.192 -0.538
0.0 2.0 0.0 -1.494 0.663 -1.58 1.191 -0.252 1.777 -0.072 1.189 -0.409 0.09
1.0 11.0 0.0 -2.377 -0.266 -1.371 1.09 0.24 1.843 0.107 0.702 -1.256 -0.62
1.0 13.0 1.0 -2.959 1.061 -0.351 1.745 -0.851 0.344 -0.373 -0.729 0.048 0.815
1.0 14.0 1.0 -3.468 1.81 -0.39 1.55 -0.084 -0.008 -0.482 -0.231 -0.724 0.967
0.0 1.0 0.0 -1.709 0.486 -0.953 -0.346 0.02 0.786 0.145 0.564 -0.229 -0.322
1.0 12.0 1.0 -3.699 -0.251 0.268 1.585 0.85 1.381 -0.867 -0.71 -0.19 0.567
0.0 2.0 0.0 -1.28 0.798 -1.647 0.968 -0.418 1.609 -0.031 1.224 -0.374 0.044
1.0 12.0 1.0 -2.836 1.561 -0.076 1.229 -0.291 -0.036 -0.369 -0.393 -0.181 0.85
0.0 4.0 1.0 -2.611 0.434 0.231 1.343 0.323 -0.378 -0.618 -0.219 -0.285 0.347
0.0 1.0 0.0 -4.473 0.373 0.858 0.919 0.778 1.272 0.653 -0.216 -0.891 -0.627
0.0 3.0 0.0 -1.79 0.793 -1.041 0.214 0.215 0.694 0.121 0.583 -0.403 -0.487
1.0 12.0 1.0 -2.851 1.412 -0.184 1.281 0.0 -0.146 -0.172 -0.419 -0.307 0.874
0.0 1.0 0.0 -1.976 0.389 -0.947 -0.25 -0.065 0.949 0.127 0.478 -0.323 -0.345
0.0 6.0 1.0 -2.558 0.755 -0.66 1.366 0.038 -0.011 -0.443 -0.531 -0.062 0.418
1.0 14.0 1.0 -3.836 0.508 0.645 1.721 0.28 0.303 -0.911 -0.592 -0.631 1.023
0.0 2.0 0.0 -1.417 -0.319 -2.254 1.072 -0.221 2.268 0.43 0.923 -1.486 -0.698
1.0 9.0 0.0 -3.055 0.088 -1.217 1.562 0.186 2.059 0.054 0.639 -1.121 -0.757
0.0 2.0 0.0 -1.202 -0.253 -2.487 0.809 -0.367 2.169 0.32 1.034 -1.385 -0.706
0.0 2.0 0.0 -1.393 -0.305 -2.29 1.1 -0.254 2.327 0.363 0.795 -1.521 -0.756
1.0 9.0 0.0 -3.137 0.077 -1.157 1.589 0.204 1.898 0.17 0.676 -1.033 -0.635
1.0 13.0 1.0 -4.687 1.152 1.089 1.915 0.201 -0.296 -0.692 -0.105 -0.143 0.884
0.0 3.0 0.0 -1.953 -0.596 -1.543 0.619 0.056 1.742 0.592 1.289 -0.163 -0.523
0.0 7.0 1.0 -5.131 2.192 1.364 1.936 -0.591 -0.354 -0.677 0.15 0.178 0.38
0.0 0.0 0.0 -2.081 1.05 -1.778 0.411 -0.518 1.46 -0.576 0.735 -0.866 -0.172
1.0 10.0 0.0 -3.676 -0.185 -0.563 2.377 0.096 1.854 0.303 0.296 -0.358 -1.205
1.0 8.0 0.0 -1.817 0.559 -0.801 0.234 0.011 1.215 -0.161 0.809 0.018 -0.382
0.0 5.0 1.0 -2.665 0.772 -1.009 1.307 0.287 0.855 -0.466 -0.19 -0.721 0.407
1.0 12.0 1.0 -2.64 1.322 -0.111 0.861 0.026 -0.354 -0.425 0.083 -0.235 0.781
1.0 8.0 0.0 -1.784 -1.074 -1.661 1.324 0.289 1.303 0.924 1.307 -0.346 -0.521
0.0 7.0 1.0 -5.105 1.968 1.14 1.719 -0.443 -0.432 -0.969 -0.173 0.551 0.176
0.0 5.0 1.0 -3.347 -0.159 -0.414 0.922 0.973 0.978 0.929 -1.211 -1.268 0.278
0.0 5.0 1.0 -3.858 0.115 0.05 1.17 0.975 0.703 0.585 -1.191 -1.172 -0.076
0.0 7.0 1.0 -4.316 1.272 -0.087 1.285 0.126 -0.128 -0.286 -0.463 -0.294 0.691
0.0 0.0 0.0 -2.135 0.954 -1.632 0.121 -0.704 1.6 -0.628 0.713 -0.903 -0.027
0.0 4.0 1.0 -3.689 -0.599 0.692 1.307 0.605 1.514 -0.752 -0.697 -0.355 0.702
0.0 5.0 1.0 -3.086 1.01 -0.627 1.508 0.338 0.747 -0.479 -0.323 -1.087 0.645
1.0 14.0 1.0 -3.32 1.553 -0.586 1.688 -0.262 0.392 -0.478 -0.461 -0.522 0.929
1.0 10.0 0.0 -3.894 0.117 -0.407 1.973 0.043 1.891 0.411 -0.095 -0.436 -1.015
1.0 11.0 0.0 -2.46 -0.325 -1.404 0.928 0.122 2.049 0.274 0.532 -1.113 -0.769
0.0 6.0 1.0 -2.103 0.655 -0.84 1.195 0.377 0.135 -0.504 -0.549 -0.404 0.602
1.0 11.0 0.0 -2.453 -0.32 -1.368 1.04 0.174 1.985 0.158 0.59 -1.318 -0.587
0.0 6.0 1.0 -3.586 -0.38 -0.359 1.307 1.587 0.99 0.18 -0.831 -0.471 0.198
0.0 3.0 0.0 -1.656 -0.496 -1.719 0.363 -0.002 1.637 0.535 1.319 -0.012 -0.49
1.0 9.0 0.0 -3.117 0.146 -1.228 1.635 0.223 2.026 0.036 0.569 -1.15 -0.767
1.0 13.0 1.0 -4.711 1.166 1.244 1.746 0.311 -0.305 -0.691 -0.137 -0.288 1.023
0.0 5.0 1.0 -3.322 -0.303 -0.5 0.963 0.921 0.981 1.059 -1.079 -1.004 0.112
1.0 12.0 1.0 -2.852 -0.805 -0.313 1.565 0.688 1.467 -0.664 -0.916 -0.279 0.489
1.0 13.0 1.0 -4.689 1.015 1.312 1.802 0.313 -0.405 -0.663 0.106 -0.325 0.838
1.0 10.0 0.0 -2.817 1.268 -1.127 0.707 0.399 0.406 0.289 0.319 -0.691 -0.379
1.0 11.0 0.0 -2.289 1.106 -0.816 0.228 0.867 0.616 0.338 0.298 -0.843 -0.832
1.0 8.0 0.0 -3.312 -0.776 -0.504 1.39 0.86 1.257 0.222 0.314 -0.715 -0.765
1.0 13.0 1.0 -2.972 1.151 -0.293 1.609 -0.724 0.123 -0.087 -0.801 0.04 1.07
0.0 6.0 1.0 -2.282 0.673 -0.798 1.286 0.308 0.01 -0.411 -0.61 -0.266 0.584
1.0 8.0 0.0 -2.505 0.632 -0.593 0.304 0.496 0.824 -0.162 0.181 -0.363 -0.764
0.0 4.0 1.0 -3.39 -0.956 0.476 1.547 0.658 1.504 -0.65 -0.604 -0.295 0.616
1.0 11.0 0.0 -2.012 1.134 -1.029 0.205 0.661 0.359 0.456 0.372 -0.939 -0.613
1.0 10.0 0.0 -2.695 1.119 -0.986 0.172 0.499 0.372 0.088 0.63 -0.721 -0.256
0.0 0.0 0.0 -3.639 0.418 -0.67 1.779 -0.168 1.627 -0.388 0.529 -0.874 -0.814
1.0 8.0 0.0 -1.149 -0.904 -1.988 0.739 -0.06 1.206 0.864 1.196 -0.3 -0.467
1.0 11.0 0.0 -2.382 -0.294 -1.397 1.051 0.211 1.901 0.151 0.654 -1.286 -0.609
0.0 5.0 1.0 -3.594 -0.137 -0.028 1.018 1.069 0.723 0.695 -0.982 -1.433 0.249
1.0 13.0 1.0 -4.763 1.305 1.231 1.548 0.308 -0.152 -0.792 -0.124 -0.107 0.885
0.0 6.0 1.0 -3.208 -0.608 -0.516 1.098 1.529 1.069 0.186 -0.947 -0.248 -0.059
1.0 14.0 1.0 -3.232 1.551 -0.832 1.674 -0.042 0.296 -0.553 -0.443 -0.413 0.96
0.0 7.0 1.0 -4.058 1.072 0.157 1.136 0.385 -0.687 -0.583 -0.185 -0.3 1.177
0.0 3.0 0.0 -1.823 -0.578 -1.624 0.52 0.052 1.711 0.535 1.318 -0.115 -0.505
1.0 12.0 1.0 -2.762 1.51 -0.145 1.157 -0.256 0.041 -0.647 -0.324 -0.128 0.806
