2.142857142857144 0.10714285714285714 -1.8750000000000033 -0.17345434848437485 -0.7715267447173815 -0.8877044670417693 1.331381756902133 0.5629347895715539 2.0402466943463917 0.7045229692188146 2.0593126373947426 -3.6205710053068905 -1.1989198524262483
-1.875000000000001 -0.375 -1.8750000000000033 -0.8622726118017809 -0.4785747576910465 -0.06655924810004962 1.87563319774182 -0.4582759976661321 1.5583137148351052 -1.6021300574376853 1.3345953914334414 -1.1597514546610437 -1.9553650219093721
2.142857142857144 0.21428571428571427 -1.8750000000000033 0.34415475111830013 -1.11800816458906 -1.011136105964971 0.3729389621881257 0.5078051583839153 2.0484428334537266 0.8316242584427442 1.38991731860606 -4.4442548881634005 -1.3018375625600065
-1.875000000000001 -0.1607142857142857 2.142857142857147 -0.36158534814765486 -1.9131635579462551 1.156063617444505 1.1733087281288417 1.8571685122146877 1.49110537415496 -2.016386111204567 -1.6749174467569994 -0.361647816613742 1.857736138546376
-1.875000000000001 -0.05357142857142857 2.142857142857147 0.7144443377571367 1.1818109229299754 0.08935440106609971 -0.5514881174734014 -1.1644603209744546 -1.6086744362390615 -0.10515931768918131 -0.6901871430843917 -1.8657662113951945 1.3019805038240808
2.142857142857144 0.26785714285714285 2.142857142857147 -0.6880772417431885 -1.2678905765560224 1.009244931146381 1.7875925234883414 1.975303436188199 0.9370463704991274 -3.7534370639316044 -2.418997367228717 1.1629347740150777 1.2633863625239212
-1.875000000000001 -0.26785714285714285 -1.8750000000000033 1.5894027965085815 -1.052799582759278 -2.465030884439314 -0.08927457764263776 -0.912439149830964 2.3500607526036474 1.5942319937863216 2.6180641018381885 -4.787030168606792 -1.6080177502079376
2.142857142857144 0.1607142857142857 -1.8750000000000033 -1.2614288597646128 -0.4192057503534836 0.2699543780168894 1.6515296632784195 0.3686684701484465 1.445206995153885 2.46040374257162 -1.1133998859549226 1.142470578167711 -2.037699190016379
2.142857142857144 0.10714285714285714 -1.8750000000000033 0.8667408612940776 0.7292438997829792 -0.529103073959626 -0.36340122247733303 -3.327642039956082 -0.5808785921792775 1.2600026776789515 -0.22548295483439718 1.4443174669163699 -1.4304847002272045
-1.875000000000001 -0.10714285714285714 2.142857142857147 -0.7915990616637232 -0.9399011425763715 0.7298996430570299 0.3289186250613863 2.8573775351904165 -0.02026267723757723 3.3595276774520104 -2.9583861571617462 -5.032600518775193 0.8491425792355438
2.142857142857144 0.1607142857142857 -1.8750000000000033 -1.090219696049882 -0.692692489072421 0.23747236777394162 2.239801441244846 0.1639012685943604 1.8943554182358324 2.022610413022529 -0.50485868705612 0.0681002961809589 -2.403057060991221
-1.875000000000001 -0.10714285714285714 2.142857142857147 -0.4670979722974308 -0.8834519224849181 -0.13412182940538092 -0.1813171007258202 2.7891218013390544 0.7518136266733609 4.286896343271053 -3.818642124695962 -2.9861809340385217 0.7204954415683459
-1.875000000000001 -0.3214285714285714 -1.8750000000000033 0.8428512105431849 0.623158296507662 -1.0202310688329963 -1.497925365698298 -0.3532671763563443 -0.926755662508806 -0.13340404862783234 0.6873288435138064 1.7973248452834454 -0.8464266952181255
2.142857142857144 0.10714285714285714 -1.8750000000000033 0.846832819001667 0.6883668783374441 -0.5485922801053946 -0.6335260184823247 -3.17537924905689 -0.9054457008297357 2.253275715688179 -0.24761172570344453 1.3880409283361115 -1.2735351922732228
2.142857142857144 0.05357142857142857 -1.8750000000000033 1.0100787657994337 -1.8518480257779526 -1.391825266012319 0.9412014960060342 0.8097055196495551 0.9304894592132595 4.4375349082771915 3.3732084077444293 0.52854470274671 -1.1320233408393052
-1.875000000000001 -0.375 -1.8750000000000033 0.49744667676986143 0.9920247519328478 -1.436000799942728 0.4229620725594203 -2.2092980930068427 0.5108471369177178 -2.769578936235261 0.6237086272652952 1.0043372561979858 -1.7443837161351676
2.142857142857144 0.375 2.142857142857147 0.21375707410301062 1.2285275188677298 -1.1189763799715577 0.07079937554550537 -1.1670855415071995 -0.7382444630401057 -0.9148416045971772 -0.9197731408507581 1.5926828868097784 3.311448794185713
2.142857142857144 0.21428571428571427 -1.8750000000000033 0.6915500891208644 0.7506556729211167 0.38039321284291183 -1.8500880627122132 -0.4005211459457488 -0.7382444630401057 0.8033795275040932 -0.4882621089043345 0.7843471508387937 -0.7435089850843672
-1.875000000000001 -0.26785714285714285 -1.8750000000000033 1.2808281409762174 0.6455433320611692 -0.6018627769038289 0.8171441822852231 -2.072786625304119 0.33708898784222 -0.4864631853609701 1.99016022842897 1.2447915574045445 0.581556532887772
2.142857142857144 0.21428571428571427 -1.8750000000000033 0.6945362954647261 0.655275956214868 0.34791120259996405 -2.4343579918489358 0.1192725195377006 -1.015273964868022 0.8504540790685116 -0.44677066352487077 1.7563964535887122 -0.8129784394246542
2.142857142857144 0.05357142857142857 -1.8750000000000033 1.0867247286252144 0.8012653185203505 -0.5485922801053946 -2.9525974152955494 -0.7181728304078566 -0.7480798299689074 -1.211411279453013 1.077348430080766 2.5545000916360134 -0.3061087170158941
-1.875000000000001 -0.1607142857142857 2.142857142857147 1.0857293265105938 0.11219552843847286 0.5843802371686239 -1.4058828426151158 -0.19050350332617325 -1.9938929742837972 1.123486478142138 -0.1480322567927314 -1.24160823805051 0.6973389567882502
-1.875000000000001 -0.21428571428571427 -1.8750000000000033 1.1374902364708614 -1.2893023496941596 -1.467183529775958 -0.9816868666665363 0.045766344620849185 1.4779915515832243 2.606334852421317 3.4064015640480005 2.2373050560018295 -1.0522621154856424
2.142857142857144 0.375 2.142857142857147 -0.7697002151420718 -0.5846603609663639 1.4419053075824453 1.87563319774182 1.0538510291948118 -0.26614685045762126 -4.436018061615671 -2.2889908383730635 -2.4899241847398796 2.799433186270265
-1.875000000000001 -0.26785714285714285 -1.8750000000000033 1.1195729984076919 0.8586878010271738 -0.5849721315774962 0.5650277060138973 -2.2302998572688004 0.49281563088158137 -0.6512241158364344 2.374647622278667 0.4518039683190847 0.25993868871977704
2.142857142857144 0.21428571428571427 -1.8750000000000033 0.6208765389828071 0.7808268077975831 0.3362176789125028 -2.1142100854726498 -0.3663932790200678 -0.8021743480773171 0.9351882718844646 -0.49932649433885823 0.5029644579375016 -0.47849588148993943
2.142857142857144 0.26785714285714285 2.142857142857147 0.2704949946363807 -1.7078051883032097 0.024390380580204235 1.5194686518982015 1.6996552802500062 0.8091866004247048 -3.146175348750608 -2.4770853907599664 0.48761631105197645 1.8165690544928728
-1.875000000000001 -0.05357142857142857 2.142857142857147 -0.6293485169805771 -1.293195399355639 0.2959399862112476 0.6390619093634138 4.225117432750402 0.3616774051642244 0.8504540790685116 -2.6015597268983575 0.43645582143355965 0.42460702493379054
-1.875000000000001 -0.05357142857142857 2.142857142857147 0.8100029407607073 1.2966558879436216 -0.014588031711333134 -0.8596304773605771 -0.7234232714733461 -2.0070067968555327 1.0669970162648361 -0.8395563464504614 -0.5765218730110926 0.4117423111670707
2.142857142857144 0.1607142857142857 -1.8750000000000033 -0.5357807182062476 -1.144286249804047 -0.26015202914801844 2.5519456499617252 -0.10124600521285369 2.202530248671621 1.4765456148752758 0.43838017123702355 -1.2160279932413023 -2.9845421232469564
2.142857142857144 0.1607142857142857 -1.8750000000000033 0.4018880737662906 1.0708590075778084 -1.1774439984088636 -0.9636785469328701 0.2216561203147437 -1.1906713417649866 0.7892571620347677 2.006756806580755 -0.1774700539874415 -1.5205376965942432
2.142857142857144 0.375 2.142857142857147 0.17095478317432816 1.2265809940369898 -1.096888613006353 0.1668437474583914 -1.5634938419516482 -0.5005564289273965 -1.3761722099284774 -0.8035970937882595 2.4931075040939135 2.6090354225228123
-1.875000000000001 0.0 2.142857142857147 -0.851323188540955 0.3827624799113006 0.0204925393510505 -1.211793174374492 -0.7339241536043248 -0.9464263963664096 0.8127944378169769 1.2875717533367161 -0.6686107543242423 1.795985512466121
2.142857142857144 0.10714285714285714 -1.8750000000000033 0.869727067637939 0.6698748924454162 -0.5317016347790617 -0.43943635024170113 -3.2830132908994223 -0.8661042331145287 1.9002165789550414 -0.231015147551659 1.5773347399242537 -1.397036444433733
-1.875000000000001 -0.10714285714285714 2.142857142857147 -0.2053072161522318 0.6260780837537715 -0.1640052788288929 -0.6375278673120283 -0.9780696631495814 -1.1169060897989733 -0.16635623472292518 -2.139621635006994 0.8150434446098438 0.6021400749145237
2.142857142857144 0.1607142857142857 -1.8750000000000033 0.34714095746216134 1.133147802161481 -0.6369433479662127 -1.8881056265943972 1.0144727212036413 -0.6743145780028943 -0.6841763019315272 1.6499303763173667 1.3726927814505865 -2.3979111754845333
2.142857142857144 0.3214285714285714 2.142857142857147 -1.8795735729439615 0.31463411083540865 2.1811958607119366 2.1237478251834423 0.5786861127680221 -1.6906358273124094 -3.1697126245328167 -0.5325196506424292 1.5671026420005703 2.4829612276089583
-1.875000000000001 -0.375 -1.8750000000000033 0.42876393086104503 0.874259999673092 -1.2554008229919384 0.6170517408000439 -2.0990388306315655 0.33708898784222 -2.6048180057597965 0.7122237107414846 0.871319983190102 -1.6852060328082565
-1.875000000000001 -0.21428571428571427 -1.8750000000000033 1.2858051515493203 -1.2513451154947342 -1.478877053463419 -1.1957857790556778 -0.16162607746598162 1.3698025153664048 2.7051914107065955 3.328950866006335 2.9177395679267724 -0.9647820618719478
-1.875000000000001 0.0 2.142857142857147 -2.3334769372109223 1.1895970222529344 2.3462044727461113 2.0897321101309614 -1.4059806099869667 -1.9693045569617929 -3.8758308979990925 -0.2116524730412426 4.6571962149529424 0.7050577850482821
2.142857142857144 0.10714285714285714 -1.8750000000000033 0.7970627132706405 0.6504096441380187 -0.5394973172373692 -0.669542657949657 -3.193755792786103 -0.5530117192143392 1.3729816014335556 0.1756010171670862 0.666678024716435 -1.0522621154856424
2.142857142857144 0.375 2.142857142857147 0.08833640766082411 1.084484681392987 -0.8539231763891039 -0.16330878099215407 -0.8546842981105807 -1.0300270152612245 -0.2040158759744599 -0.1314356786409459 0.65132987783091 2.827735556557049
2.142857142857144 0.375 2.142857142857147 -0.6980312628893937 -0.7403823474255453 1.458795952908778 2.045711773004222 1.0039718390726624 -0.3169629129230969 -4.5348746199009495 -2.09813018962753 -2.848047612068797 3.0412898050845976
-1.875000000000001 -0.21428571428571427 -1.8750000000000033 0.7064811208401724 0.8431156023812556 0.08025943819807432 -2.172236893503351 1.0617266907930458 -1.4299986036991628 0.24319236388751464 -0.0456866915233874 2.467527259284705 -1.7057895748350083
2.142857142857144 0.3214285714285714 2.142857142857147 -1.948256318852778 0.3584309195270535 2.6255497608354625 1.3734011696140207 0.7388245652654484 -1.6594904987045374 -3.400377927198467 -0.03462230608886371 0.968524913465094 2.4623776855822066
2.142857142857144 0.375 2.142857142857147 0.003727227918079196 1.098110355208165 -0.8695145413057186 -0.1272921415248218 -0.6682936402857076 -1.0775646220837665 -0.4488035441094354 -0.22824905119302807 0.7178385143348518 3.1467804579717
-1.875000000000001 -0.26785714285714285 -1.8750000000000033 1.5764625690185143 -1.086863767297224 -2.3818769382173675 -0.03925146727134318 -0.9439417962239004 2.5090658512859423 2.455696287415178 3.456191298503357 -4.659128944560751 -1.5462671241276829
-1.875000000000001 0.0 2.142857142857147 -2.3215321118354764 1.326827022820088 2.5384979733843624 2.1657672378953294 -1.5004885491657756 -1.7857110409574932 -3.0991007971861895 0.17283492080845528 3.209354358751748 1.1861980799236025
-1.875000000000001 -0.1607142857142857 2.142857142857147 -0.23417387747622706 -2.046500508851929 1.1079902422849421 1.3353836057318365 1.7836623372978364 1.4534031342612201 -1.6115449677505689 -1.5366126288254531 -1.4871785882189108 1.5386912371317252
2.142857142857144 0.05357142857142857 -1.8750000000000033 1.6979016270022191 -1.7039121386417302 -1.950515842191021 -0.019242223122825263 0.0746437704810408 0.8386927012111101 4.282188888114611 3.777058476104544 1.8433692859400206 -0.8206972676846861
-1.875000000000001 -0.26785714285714285 -1.8750000000000033 1.3992809926160603 -1.103409228358512 -2.2090726437248853 0.49299442707923324 -0.6157892296308137 2.609058748395427 1.796652565513321 1.9569670721253987 -5.48281282741726 -1.7366648878751356
2.142857142857144 0.3214285714285714 2.142857142857147 -1.9552241336551213 0.4635432603870009 2.3656936788918803 1.3894085649328352 0.8595847097717043 -1.4545870210211673 -3.640458140177001 -0.5850754814564169 1.7512804046268706 2.4855341703623024
2.142857142857144 0.10714285714285714 -1.8750000000000033 -0.3167922529897311 -0.6644678790266944 -0.8292368486044635 1.5634889890249408 0.6364409644884053 2.1156511741338715 0.25731472935684013 1.3318292950748105 -3.584758662573998 -1.7649672581619194
-1.875000000000001 -0.3214285714285714 -1.8750000000000033 -1.6705391288736504 -0.5671416374897059 2.178597299892501 0.5090018223980476 1.8414171890182198 0.5272394151323874 2.0838073300562727 -0.9723289716647456 -3.814980865856874 -1.1294503980859611
-1.875000000000001 -0.21428571428571427 -1.8750000000000033 0.7691914540612659 0.8966450352265992 0.08285799901751015 -1.9701435276033206 0.7493254473964273 -1.2955819223388723 0.48327257686604835 -0.06781546239243474 2.5391519447504884 -1.5694236089077782
-1.875000000000001 -0.05357142857142857 2.142857142857147 -1.4415966425109286 -0.8396551137932734 1.0885010361391734 1.0372458679189203 4.857795581141873 0.7075544754937532 0.4973949423353738 -1.6749174467569994 0.6820261716019601 1.1012909690632517
2.142857142857144 0.375 2.142857142857147 0.16398696837198434 1.2139285826371815 -0.9487706462985114 -0.041252391686194975 -1.3849788457250092 -0.7349660073971718 -0.7265433983395038 -0.8035970937882595 2.293581594582088 2.271979921834754
2.142857142857144 0.3214285714285714 2.142857142857147 -0.5397623266647298 0.8616075882732833 -0.2380642621828139 -0.16530970540700585 -2.5111984542724826 -0.18090700374133928 0.4550278459273973 -1.4536297380665255 1.868949530749229 1.7702560849326814
-1.875000000000001 -0.3214285714285714 -1.8750000000000033 -1.4694679017203038 -0.6488956803807762 1.7121556328037708 -0.38341046662585093 2.5187240864663507 0.8747557132833829 3.43484695995508 -0.04015449880612555 -1.9322748478991365 -1.476797669787396
2.142857142857144 0.1607142857142857 -1.8750000000000033 0.3152880897943044 1.0387413478706022 -0.9084929535972559 -1.4839188947943356 0.7992046375185763 -1.0480585212973612 0.19141035716665442 2.0593126373947426 0.5950533392506515 -1.7572484299018873
-1.875000000000001 -0.21428571428571427 -1.8750000000000033 0.9712580833292331 -1.3691098677544902 -1.3437518908527564 -0.6675417335348052 0.18752825338906262 1.5992944103717794 2.606334852421317 3.40363546768937 1.710352012932137 -1.0908562567858018
-1.875000000000001 0.0 2.142857142857147 -0.819470320873098 0.15501907471474777 -0.6733231994383142 -0.33738920508425974 -1.7682610435057342 0.030553385227898577 2.168541522872226 0.21709246254655004 -0.044452780979558085 2.10731158562074
-1.875000000000001 -0.375 -1.8750000000000033 -0.8503277864263346 -0.44353731073773073 -0.013288751301615222 1.7035536980645662 -0.5317821725829834 1.6878127127309948 -1.5738853264990342 1.2433142115986213 -1.7787933790438866 -1.8833226248157413
-1.875000000000001 -0.26785714285714285 -1.8750000000000033 1.317658019217177 0.7088053890602116 -0.5446944388762408 0.6970887173941156 -2.1699197850156726 0.24201377419713643 -0.5617824678640395 2.031651673808433 1.4545495648400533 0.7179224988150019
-1.875000000000001 -0.3214285714285714 -1.8750000000000033 0.8408604063139439 0.7457893608442672 -1.303474198151501 -0.9676803957625737 -0.3060132067669398 -1.1693613800859162 0.24789981904395647 0.6458373981343426 1.3266483407940113 -1.0548350582389863
2.142857142857144 0.375 2.142857142857147 -0.8582910033432988 -0.5145854670597323 1.4548981116796245 1.9256563081131148 0.9252152230903217 -0.47760723942685906 -3.951150180502162 -2.2668620675040163 -1.8401859665859868 2.7685578732301375
-1.875000000000001 -0.10714285714285714 2.142857142857147 0.1858858148936358 0.5589229770932496 -0.36409446192545125 -0.7675879542773948 -1.1250820129832841 -0.9234772068658721 -0.1946009656615762 -2.0566387442480663 0.5899372902888098 0.43232585319382233
-1.875000000000001 -0.10714285714285714 2.142857142857147 0.048520323076002916 0.6289978709998812 -0.3355102929116572 -0.9796859422516845 -0.6709188608184522 -1.17263983572885 0.0737239782556085 -2.405166885435562 0.8099273956480021 0.6381612734613392
2.142857142857144 0.05357142857142857 -1.8750000000000033 1.0777661095936297 0.34772503295798474 -0.28483835693265874 -2.7384985029064084 -0.8678104007743042 -0.730048323932771 -1.813965539477568 1.633333798165581 3.178658064980698 -0.33698403005602157
2.142857142857144 0.1607142857142857 -1.8750000000000033 0.4805248408213125 1.1467734759766595 -1.0072382647358173 -1.345855110169562 0.5918122154317454 -1.0890392168340353 0.26202218451328196 2.009522902939386 0.6001693882124932 -1.7289460596151038
-1.875000000000001 -0.375 -1.8750000000000033 0.4845064492797947 0.8927519855651197 -1.1956339241449143 0.33091954947623786 -2.5479515417309084 0.33708898784222 -2.209391772618682 0.33326850960904864 2.467527259284705 -1.970802678429436
2.142857142857144 0.26785714285714285 2.142857142857147 -0.902088696386602 -1.0051097244061538 1.1222823267918391 1.4314279776447225 2.369086516099903 1.0337608119656783 -4.3371615033303925 -2.1534521168001484 1.4698977117255785 1.7470996001525858
2.142857142857144 0.21428571428571427 -1.8750000000000033 0.3342007299720946 -0.9982968874985644 -0.8760109433543083 0.5930406478218224 0.665318390348597 1.7992802045907483 0.3985383840500953 1.7992995796834361 -4.771682021721267 -1.0728456575123941
-1.875000000000001 -0.1607142857142857 2.142857142857147 -0.8901438710111558 -1.3593772436007914 1.7108563523940528 0.7651201474990765 1.6576517517260911 1.2566957956851847 -3.696947602054303 -2.352611054621575 0.52854470274671 2.235958723287938
-1.875000000000001 -0.26785714285714285 -1.8750000000000033 1.0568626651865984 0.9346022694260246 -0.5927678140358037 0.43496761904853104 -1.9835291271907993 0.501011769988916 -0.029840035186111922 2.3165595987474186 -0.013756487208507997 0.2264904329263056
-1.875000000000001 -0.1607142857142857 2.142857142857147 -0.6831002311700856 -1.6435698688887974 1.5224606929849556 1.2953651174348007 1.5683942536127713 1.2206327836129116 -3.033196424996004 -1.9072695408819964 0.6717940736782767 1.6879219168256745
2.142857142857144 0.26785714285714285 2.142857142857147 -0.05301069261529088 -1.590040436043454 0.35960472628742524 1.4234242799853154 1.8571685122146877 1.1993228219338412 -3.0379038801524456 -2.775823797492105 0.871319983190102 1.4666488400380941
2.142857142857144 0.3214285714285714 2.142857142857147 -1.9462655146235361 0.4869015583558781 2.1824951411216547 1.8236091629556732 0.620689641291937 -1.5299915008086475 -3.5933835886125824 -0.6680583722153444 2.4163667696662885 2.3954811739952637
2.142857142857144 0.26785714285714285 2.142857142857147 0.846832819001667 1.2791371644669634 0.6779284266683134 -2.130217480791464 -0.5737857011068985 -0.7743074751123789 -1.1831665485143619 -0.9004104663403416 0.5490088985940763 0.5867024183944599
-1.875000000000001 -0.05357142857142857 2.142857142857147 0.8687316655233187 1.3073617745126904 0.024390380580204235 -1.193784854640826 -0.3663932790200678 -2.0135637081414006 1.3588592359642302 -0.6652922758567134 -1.1444033077755187 0.19561511988617805
-1.875000000000001 -0.21428571428571427 -1.8750000000000033 0.7881040942390557 0.9589338298102719 0.011397576483025113 -1.7620473884587344 0.38441979334491466 -1.0726469386193656 0.5068098526482575 -0.28633707472427744 2.887043274155723 -1.641466006001409
2.142857142857144 0.3214285714285714 2.142857142857147 -0.25308651765401724 0.6708481548607862 -0.18089592415522576 -0.05125701376045393 -3.1281252794674854 -0.3874497092461762 1.6224767247249727 -0.6182686377599879 0.9531767665795688 2.1381868986608676
-1.875000000000001 -0.05357142857142857 2.142857142857147 0.7542604223419579 1.2557788664980867 0.006200454844153463 -0.6095149255041032 -1.0778280433938796 -1.6824396882050747 0.07843143341205032 -0.889346080905818 -1.5434551267991692 0.8594343502489197
-1.875000000000001 -0.1607142857142857 2.142857142857147 1.182283331628785 0.002216875501675998 0.6935197915849284 -1.804066801170622 -0.06449291775442795 -1.8988177606387133 1.4483008839366247 -0.4965603979802273 -0.9397613493018514 0.7771001821419129
-1.875000000000001 0.0 2.142857142857147 -2.315559699147753 1.2149018450525513 2.4332562601972114 2.2998291736903997 -1.8758950853482668 -2.04634826457074 -2.5342061784131693 -0.0899442332614821 3.807932087287224 0.9006014343024231
-1.875000000000001 -0.21428571428571427 -1.8750000000000033 0.737338586393409 -1.4002542650463263 -1.1787432788185817 -0.3153790365208902 0.2400326640439565 1.748464142125273 3.034713271657524 3.3621440223099057 1.3164162428703279 -1.1757633676461525
-1.875000000000001 -0.3214285714285714 -1.8750000000000033 -1.508288584190504 -0.909730007699905 2.1227282422746305 0.6770794732455977 1.8545432916819433 0.04530643562110123 0.8316242584427442 -0.7759361302019503 -4.5670400632476005 -0.9416255770918521
-1.875000000000001 -0.375 -1.8750000000000033 0.5074006979160666 0.989104964686738 -1.333357647575013 0.26688996820098077 -2.248676400998013 0.5059294534533171 -2.4965465371616347 0.30007535330547763 1.9405742162150124 -1.8858955675690852
2.142857142857144 0.21428571428571427 -1.8750000000000033 0.4148283012563574 -1.0927033417894432 -1.0488152378467905 0.39494913075149524 0.6049383180954689 1.9107476964505017 0.7986720723476514 1.566947485558439 -4.280541321384467 -1.3584423031335735
2.142857142857144 0.3214285714285714 2.142857142857147 -1.8815643771732025 0.18129715992973455 2.470935392079031 1.89764336630519 0.8727108124354278 -1.8693116598523083 -3.033196424996004 0.05112668102869481 0.6359817309453849 2.364605860955136
-1.875000000000001 -0.21428571428571427 -1.8750000000000033 1.2449936648498785 -1.1958691578186509 -1.3892267051928833 -1.2197968720338992 -0.2141304881208755 1.3550494649732023 2.6816541349243863 3.210008722585205 2.958667959621506 -0.9647820618719478
2.142857142857144 0.3214285714285714 2.142857142857147 -0.13164745967031283 0.9939712767635878 -0.39787575257811697 -0.33738920508425974 -2.5742037470583554 -0.3792535701388414 1.0858268368906034 -1.0055221279683166 1.2601397042900695 1.7393807718925538
2.142857142857144 0.26785714285714285 2.142857142857147 0.8956075226180729 1.2713510651440043 0.8858132922231792 -1.928124114891433 -0.32964019156164204 -1.0726469386193656 -0.2275531517566691 -0.5297535542837983 0.21134966711252598 -0.04624149892815416
2.142857142857144 0.3214285714285714 2.142857142857147 -0.3934382158155118 0.7399497863520479 -0.2393635425925318 -0.07926995556837901 -2.802597933407143 -0.19238159849160802 1.1140715678292545 -1.4868228943700965 2.283349496658405 1.5618477219118208
2.142857142857144 0.26785714285714285 2.142857142857147 0.7741684646343685 1.6197790098464229 0.2257788440864804 -1.9401296613805437 0.2977875157643398 -1.2595189102665991 -1.7951357188518007 -0.46336724167665627 1.6029149847334618 0.3860128836336311
-1.875000000000001 -0.05357142857142857 2.142857142857147 0.7851178878951944 1.2995756751897314 -0.04707004195428094 -0.9296628318803897 -0.579036142172388 -1.9283238614251186 0.5727142248384431 -0.9889255498165311 -1.011386034767635 0.6330153879546513
-1.875000000000001 -0.05357142857142857 2.142857142857147 -0.783635844746759 -1.1764039095112533 0.2998378274404013 0.9071857809535535 4.2172417711521675 0.41741115109410115 0.9351882718844646 -2.5407056070084773 -0.11096141748349965 0.7179224988150019
-1.875000000000001 -0.1607142857142857 2.142857142857147 -0.8861622625526736 -1.3895483784772578 1.6653815380539259 0.9071857809535535 1.6392752079968782 1.2763665295427882 -3.452159933919327 -2.1700486949519338 0.4825002620901348 2.0146856465003573
-1.875000000000001 -0.26785714285714285 -1.8750000000000033 1.3753913418651678 -1.1170349021736903 -2.1622985489750404 0.4369685434633831 -0.5291569520502388 2.512344306928876 2.1120520609949236 2.3110274060301563 -5.303751113752802 -1.5874342081811859
2.142857142857144 0.05357142857142857 -1.8750000000000033 0.8259293745946358 0.006109925163155536 -0.10553766039158699 -2.2482720212677196 0.12452296060319 -0.5497332635714053 -2.0022637457352417 1.2239515370882048 2.610776630216272 -0.6740395307440804
-1.875000000000001 0.0 2.142857142857147 -0.819470320873098 0.27473035180524347 -0.49662106371667813 -0.9096535877318718 -1.0043218684770283 -0.3415513302451013 1.363566691120672 0.7896744087831504 -1.3643934131347104 2.6347648500562513
-1.875000000000001 -0.375 -1.8750000000000033 0.5093915021453078 0.9540675177334222 -1.1800425592282995 0.3169130785722756 -2.7133404352938237 0.5321570985967884 -2.5812807299775873 0.4079531112920834 1.8331371880163372 -1.8370096552555502
2.142857142857144 0.3214285714285714 2.142857142857147 -0.2550773218832585 0.5560031898471398 -0.12502686653735567 0.22086870665938954 -3.3355177015543163 -0.312045229458696 1.674258731445833 -1.0691423442168277 1.4136211731453199 1.98381033346023
2.142857142857144 0.375 2.142857142857147 -1.0324863734018912 -0.3121468846627964 1.6043153587971841 1.735568488702195 0.7860785348548529 -0.7087383622537005 -4.200645303793579 -1.8796085772956872 -0.9295292513781681 2.8406002703237685
-1.875000000000001 -0.3214285714285714 -1.8750000000000033 0.8826672951280061 0.705885601814102 -1.1241735016104293 -1.7420381443102166 -0.2587592371775353 -0.76283288036211 -0.08632949706341395 0.20879417347065726 2.1605643215742045 -1.011095031432139
2.142857142857144 0.10714285714285714 -1.8750000000000033 -0.21924284575691944 -0.750114971579244 -0.877310223764026 1.287361419775394 0.4999294967856812 2.06811356731133 0.925773361571581 2.1008040827742063 -3.6359191521924146 -1.2014927951795922
2.142857142857144 0.05357142857142857 -1.8750000000000033 0.10028123303627046 -1.806104692255568 -0.45504409060570494 1.885637819816079 1.0801032345222585 0.9747486103928676 4.164502509203565 1.9182417231045659 -1.988551386479395 -1.4973812118141476
-1.875000000000001 -0.375 -1.8750000000000033 -0.7906036595491027 -0.5243180912134311 -0.2497577858702751 1.7075555468942698 -0.40839680754398283 1.518972247119898 -0.5570750127075977 1.1216059718188607 -0.21839844568217495 -2.174065155943609
2.142857142857144 0.21428571428571427 -1.8750000000000033 0.6338167664728739 0.6854470910913344 0.41937162513444914 -2.2822877363201997 -0.017238948165023468 -1.0054385979392202 0.8786988100071627 -0.3084658455933248 0.9275965217703604 -0.48621470974997133
-1.875000000000001 0.0 2.142857142857147 -2.314564297033132 1.450431349572063 2.6021627134605403 1.9016452151348935 -0.6761693018839416 -1.7463695732422861 -3.4239152029806763 0.36922776227125065 2.6056605812544302 1.3920335001911193
-1.875000000000001 -0.10714285714285714 2.142857142857147 -0.5208496864869396 -1.1014627035277722 0.11663928967017587 0.21886778224453776 2.468844896344202 0.40265810070089847 5.073041354396839 -3.2266975039489454 -2.8378155141451136 0.49664942202742135
2.142857142857144 0.05357142857142857 -1.8750000000000033 1.6421591085834695 -1.6863934151650724 -1.8166899599900759 -0.2293392866822632 -0.10649644627834305 0.7714843605309645 4.155087598890681 3.0661717119363976 0.763882954991427 -0.9930844321587314
2.142857142857144 0.26785714285714285 2.142857142857147 -0.8961162836988787 -1.0508530579285382 1.1144866443335317 1.4634427682823512 2.2824542385193283 1.0583492292876826 -3.9935172769101386 -2.2060079476141357 1.3266483407940113 1.667338374798923
-1.875000000000001 -0.10714285714285714 2.142857142857147 0.3043386665334789 0.5384844663704819 -0.4407520060988081 -0.7775925763516536 -0.9176895908964534 -1.2021459365152554 0.9681404579795575 -2.167282598593303 0.7127224653730101 1.1038639118165958
-1.875000000000001 -0.3214285714285714 -1.8750000000000033 0.7443064011957523 0.6611155307070874 -1.3658396578179608 -1.82407604531914 -0.21675570865362018 -0.6382515659306212 -0.011010214560344574 0.059424970104587575 1.5466384461532037 -0.5582571068436021
2.142857142857144 0.21428571428571427 -1.8750000000000033 0.6646742320261104 0.6406770199843199 0.3738968107943223 -2.252273870097423 0.0825194320792749 -1.095596128119903 0.7892571620347677 -0.18122541309630244 1.6182631316189868 -0.6200077329238571
2.142857142857144 0.21428571428571427 -1.8750000000000033 0.648747798192182 0.8041851057664603 0.305034949079273 -1.8720982312755827 -0.4582759976661321 -0.7202129570039691 0.7751347965654422 -0.4716655307525491 0.6922582695256434 -0.5839865343770417
-1.875000000000001 -0.26785714285714285 -1.8750000000000033 1.2917775642370435 0.7613615594901854 -0.5368987564179333 0.6050461943109331 -2.2670529447272263 0.27151987498354174 -0.7077135777137364 2.1422955281536704 1.5261742503058369 0.6304424452013073
2.142857142857144 0.26785714285714285 2.142857142857147 -0.6134220831466487 -1.330179371139695 1.079406073271148 2.369861528210212 1.683903957053538 0.4780625804883785 -3.2120797209407934 -2.06770312968259 0.16018917749410916 2.2179481240145305
-1.875000000000001 -0.375 -1.8750000000000033 -0.8015530828099288 -0.5778475240587747 -0.31991892799504223 1.8656285756675612 -0.3506419558235996 1.486187690690559 -0.36406935129348234 1.1077754900257062 -0.38211201246110876 -2.3721817479510934
2.142857142857144 0.26785714285714285 2.142857142857147 0.7681960519466451 1.2927628382821421 0.38039321284291183 -2.130217480791464 -0.64729187602375 -1.0644507995120307 -0.7406657638088292 -0.7372107811811174 0.8508557873427355 0.9597791176293341
2.142857142857144 0.1607142857142857 -1.8750000000000033 -0.8413691673947499 -1.0158156109752223 0.013996137302460937 2.9081101958053437 0.1717769301925945 1.982873720595048 1.4059337875286486 0.5102986765614276 -0.45885274688873395 -2.9459479819467966
-1.875000000000001 -0.375 -1.8750000000000033 -0.8214611251023393 -0.5097191549828828 -0.1536110355511496 1.809602692051711 -0.4582759976661321 1.540282208798969 -1.1972889139836875 1.3097005242057635 -0.6532626074387173 -1.96051090741606
2.142857142857144 0.05357142857142857 -1.8750000000000033 1.0260051996333621 0.9151370211186269 -0.7174987333687229 -3.1867055718332087 -0.17475218012970506 -1.0087170535821541 -0.9948683422566885 0.35816337683672694 2.252653202887355 -0.509371194530067
2.142857142857144 0.05357142857142857 -1.8750000000000033 -0.510895665340734 -1.5618158259977273 0.11144216803130422 1.073262507386252 2.3087064438467753 0.8550849794257793 1.1329013884550219 0.6264747236239261 -1.3592773641728686 -1.7598213726552314
-1.875000000000001 -0.10714285714285714 2.142857142857147 -0.051019888386050045 0.6007732609541545 -0.26275058996745426 -0.7435768612991732 -0.9071887087654746 -1.130019912370709 -0.04866985581187927 -2.347078861904313 1.0145693541216692 0.4992223647807653
-1.875000000000001 -0.3214285714285714 -1.8750000000000033 -1.2972633358909522 -0.6031523468583917 1.3041815841523465 -0.8616314017754289 2.6368590104398617 1.1452283038254314 3.2088891124458723 -0.14250006407546958 -1.7122847425399448 -1.5102459255808673
2.142857142857144 0.10714285714285714 -1.8750000000000033 -0.33670029528214174 -0.7316229856872164 -0.7369879395144918 1.4714464659417583 0.586561774366256 1.9058300129861006 0.8881137203200463 1.6278016054483193 -2.9861809340385217 -1.4253388147205166
2.142857142857144 0.21428571428571427 -1.8750000000000033 0.41980531182946035 -1.0654519941590863 -1.0150339471941248 0.47298518293071534 0.6810697135450651 1.8156724828054183 0.5915440454642106 1.699720110772723 -4.127059852529216 -1.3867446734203572
-1.875000000000001 -0.05357142857142857 2.142857142857147 -1.8795735729439615 -0.4114196510305245 1.9213397787683544 1.2213309140852846 4.2986236076672535 0.46822721355957675 -0.4817557302045282 -1.342985883721289 0.7280706122585352 0.9623520603826781
-1.875000000000001 -0.1607142857142857 2.142857142857147 1.1006603582299017 -0.021141422467201125 0.7169068389598507 -1.8100695744151774 -0.40577158701123817 -1.8152171417438985 0.638618597028629 -0.09547642597874394 -0.8272082721413344 0.9803626596560857
-1.875000000000001 -0.10714285714285714 2.142857142857147 -1.054385219923543 -0.6946390139031607 0.831243515015027 0.6330591361188582 2.6106068051124147 -0.05304723366691646 2.8417076102434087 -3.5365002961156087 -3.697311739734515 0.012936184398756932
-1.875000000000001 -0.3214285714285714 -1.8750000000000033 -1.666557520415168 -0.44353731073773073 1.8810620860670992 0.13082710799105912 2.09343836016171 0.8796733967477839 3.161814560881454 -0.8395563464504614 -2.259701981457004 -1.4047552726937649
-1.875000000000001 -0.375 -1.8750000000000033 -0.8363921568216469 -0.39974050204608597 -0.10423837998186908 1.8516221047635983 -0.39002026381477006 1.4615992733685548 -1.7386462569744987 1.221185440729574 -2.1727291491056953 -1.8858955675690852
2.142857142857144 0.10714285714285714 -1.8750000000000033 -0.2550773218832585 -0.7209170991181476 -0.8149447640975666 1.4174215067407603 0.5393078047768516 2.169745692242282 0.34204892217279315 1.5254560401789752 -3.4363932426805897 -1.7392378306284797
-1.875000000000001 -0.3214285714285714 -1.8750000000000033 -1.3530058543097019 -1.1394199377271976 1.9356318632752514 0.47298518293071534 1.5211402840233672 0.3600381773427575 1.9472911305194598 -1.1493591386171245 -5.477696778455419 -1.0728456575123941
2.142857142857144 0.10714285714285714 -1.8750000000000033 0.8438466126578054 0.8324097158121868 -0.5836728511677781 -0.5354807221545871 -3.009990355493974 -0.6398907937520881 1.64130654535074 -0.540817939718322 1.285719949099278 -1.3584423031335735
2.142857142857144 0.1607142857142857 -1.8750000000000033 0.4148283012563574 1.1243884404231521 -0.6577318345216993 -1.9141176439874703 1.0197231622691305 -0.8710219165789296 -0.5005855508302957 1.8380249287042691 1.6029149847334618 -2.2589722668039594
-1.875000000000001 -0.21428571428571427 -1.8750000000000033 0.7652098456027838 0.9102707090417775 0.2647572563780177 -2.206252608555832 0.5235564815803834 -1.013634737046555 0.5397620387433504 -0.576777192380524 2.641472923987322 -1.211784566192968
2.142857142857144 0.1607142857142857 -1.8750000000000033 -1.247493230159925 -0.4659223462912381 0.35830544587770735 1.761580506095268 0.38441979334491466 1.5271683862272332 2.4980633838231547 -1.2848978601900396 0.46715211520460975 -1.9913862204561876
2.142857142857144 0.21428571428571427 -1.8750000000000033 0.3371869363159563 -1.1228744766659096 -1.0579102007148158 0.14883542772472527 0.37129369068119117 2.153353414027612 1.3776890565899975 1.2294837298054668 -3.3954648509858565 -1.7701131436686073
-1.875000000000001 -0.3214285714285714 -1.8750000000000033 0.880676490898765 0.6270513461691415 -0.9773548153123054 -1.7340344466508093 -0.5081551877882812 -0.7906997533270484 0.11138361950714319 0.39135653314029806 2.252653202887355 -0.9364796915851642
-1.875000000000001 -0.375 -1.8750000000000033 0.4924696661967589 0.9297359573491752 -1.1904368025060428 0.25488442171187 -2.471820146281312 0.11579323194418058 -1.296145472268966 -0.24761172570344453 2.907507470003089 -1.7469566588885115
2.142857142857144 0.375 2.142857142857147 -0.6592105804191929 -0.767633695055902 1.4847815611031363 2.001691435877483 1.0643519113257904 -0.27434298956495606 -4.633731178186228 -2.0068490097927096 -3.0219932767714144 2.9126426674173995
