1.0 9.0 0.0 -2.973 0.036 -1.273 1.519 0.195 1.98 0.131 0.832 -1.157 -0.547
0.0 0.0 0.0 -3.665 0.337 -0.641 1.791 -0.194 1.686 -0.359 0.57 -0.676 -0.841
1.0 11.0 0.0 -2.453 -0.32 -1.368 1.04 0.174 1.985 0.158 0.59 -1.318 -0.587
0.0 4.0 1.0 -3.162 -1.137 0.3 1.44 0.688 1.645 -0.447 -0.518 -0.52 0.641
0.0 6.0 1.0 -2.081 2.043 -0.521 0.578 -0.463 -0.246 -0.041 -0.162 -0.814 0.425
1.0 12.0 1.0 -3.49 -0.474 0.187 1.747 0.733 1.307 -0.816 -0.787 -0.222 0.41
0.0 2.0 0.0 -1.202 -0.253 -2.487 0.809 -0.367 2.169 0.32 1.034 -1.385 -0.706
1.0 10.0 0.0 -4.066 0.398 -0.382 1.679 0.121 1.617 0.504 -0.315 -0.226 -0.873
1.0 9.0 0.0 -1.928 1.578 -0.997 0.672 -1.287 0.381 0.249 0.006 -0.167 -0.637
0.0 5.0 1.0 -3.594 -0.137 -0.028 1.018 1.069 0.723 0.695 -0.982 -1.433 0.249
1.0 10.0 0.0 -3.894 0.117 -0.407 1.973 0.043 1.891 0.411 -0.095 -0.436 -1.015
0.0 5.0 1.0 -3.268 -0.079 -0.693 0.763 1.043 1.194 0.892 -1.293 -1.033 0.199
0.0 1.0 0.0 -1.952 1.469 -1.375 0.105 -0.154 0.17 -0.047 0.336 -0.098 -0.41
1.0 9.0 0.0 -1.948 1.536 -1.012 0.537 -1.229 0.183 0.46 -0.002 -0.178 -0.576
1.0 8.0 0.0 -1.784 -1.074 -1.661 1.324 0.289 1.303 0.924 1.307 -0.346 -0.521
0.0 0.0 0.0 -2.299 1.848 -1.695 1.065 -0.861 1.047 -0.607 0.313 -0.253 -0.759
1.0 14.0 1.0 -2.584 2.091 -1.451 0.889 -0.464 0.285 -0.213 -0.245 -0.138 1.206
1.0 11.0 0.0 -2.104 1.6 -0.297 -0.071 -0.172 0.285 0.152 -0.089 -0.296 -0.37
0.0 2.0 0.0 -1.512 1.492 -1.053 1.262 -0.809 0.941 -0.122 0.807 -0.206 0.145
1.0 11.0 0.0 -2.101 1.502 -0.322 -0.363 0.026 0.116 0.162 -0.074 -0.106 -0.397
1.0 8.0 0.0 -1.707 1.652 -1.012 -0.622 -0.293 0.279 -0.276 0.477 0.05 -0.2
0.0 4.0 1.0 -1.708 0.944 -0.14 0.151 -0.092 -0.481 0.22 0.034 -0.692 0.19
0.0 3.0 0.0 -1.656 -0.496 -1.719 0.363 -0.002 1.637 0.535 1.319 -0.012 -0.49
1.0 14.0 1.0 -3.572 0.228 0.52 1.791 0.382 0.573 -0.961 -0.74 -0.936 1.007
0.0 2.0 0.0 -1.674 1.711 -1.04 1.136 -0.869 1.036 -0.157 0.946 -0.361 0.02
1.0 11.0 0.0 -2.175 1.631 -0.331 -0.203 -0.159 0.246 0.18 -0.093 -0.351 -0.267
1.0 12.0 1.0 -2.527 -0.926 -0.571 1.613 0.628 1.229 -0.687 -0.808 -0.354 0.625
0.0 6.0 1.0 -3.431 -0.5 -0.362 1.173 1.59 0.956 0.162 -0.853 -0.364 0.084
0.0 6.0 1.0 -1.985 2.161 -0.601 0.424 -0.295 -0.489 0.208 -0.216 -0.562 0.079
1.0 10.0 0.0 -3.337 -0.347 -0.79 2.129 -0.058 2.079 0.295 0.246 -0.687 -1.241
1.0 10.0 0.0 -2.395 1.929 -1.496 0.372 0.065 0.009 0.149 0.813 -0.484 -0.672
1.0 14.0 1.0 -2.627 2.089 -1.434 0.937 -0.615 0.43 -0.311 -0.203 0.038 0.933
0.0 7.0 1.0 -3.654 1.222 -0.574 0.248 -0.299 0.158 0.154 0.553 -0.58 0.617
1.0 9.0 0.0 -1.925 1.517 -0.999 0.634 -1.27 0.207 0.385 0.004 -0.141 -0.624
0.0 5.0 1.0 -3.005 1.472 -0.716 0.535 -0.392 0.054 -0.054 -0.686 -0.29 0.153
1.0 10.0 0.0 -2.45 1.993 -1.08 -0.09 0.367 0.324 -0.164 0.684 -0.181 -1.013
1.0 13.0 1.0 -4.687 1.152 1.089 1.915 0.201 -0.296 -0.692 -0.105 -0.143 0.884
0.0 0.0 0.0 -2.368 1.727 -1.556 1.162 -0.819 0.941 -0.572 0.345 -0.279 -0.736
0.0 3.0 0.0 -1.507 -0.457 -1.728 0.256 -0.081 1.571 0.556 1.291 0.121 -0.456
0.0 7.0 1.0 -5.143 2.051 1.216 1.898 -0.555 -0.466 -0.842 0.011 0.461 0.193
1.0 9.0 0.0 -1.998 1.497 -1.005 0.519 -1.236 0.398 0.273 0.151 -0.319 -0.49
1.0 14.0 1.0 -2.71 1.943 -1.247 0.772 -0.345 0.107 -0.062 0.04 -0.322 1.018
1.0 14.0 1.0 -3.5 0.068 0.533 1.876 0.363 0.542 -0.982 -0.671 -1.006 1.101
0.0 3.0 0.0 -2.089 1.695 -0.528 -0.232 0.385 -0.137 0.033 0.071 0.033 -0.744
1.0 13.0 1.0 -4.756 1.197 1.431 1.54 0.262 -0.277 -0.741 0.075 -0.26 0.876
1.0 14.0 1.0 -2.795 1.957 -1.259 0.79 -0.274 0.078 -0.114 0.005 -0.309 1.142
0.0 2.0 0.0 -1.215 -0.288 -2.423 0.834 -0.379 2.266 0.503 1.337 -1.36 -0.682
0.0 7.0 1.0 -5.131 2.192 1.364 1.936 -0.591 -0.354 -0.677 0.15 0.178 0.38
0.0 4.0 1.0 -3.034 -1.274 0.263 1.521 0.66 1.622 -0.361 -0.468 -0.74 0.517
1.0 8.0 0.0 -1.093 -0.922 -2.091 0.844 0.009 1.247 0.891 1.453 -0.089 -0.4
0.0 2.0 0.0 -1.393 -0.305 -2.29 1.1 -0.254 2.327 0.363 0.795 -1.521 -0.756
1.0 13.0 1.0 -4.763 1.305 1.231 1.548 0.308 -0.152 -0.792 -0.124 -0.107 0.885
1.0 9.0 0.0 -3.117 0.146 -1.228 1.635 0.223 2.026 0.036 0.569 -1.15 -0.767
0.0 1.0 0.0 -4.477 0.246 1.087 1.108 0.682 1.057 0.424 -0.264 -1.195 -0.52
0.0 3.0 0.0 -2.026 1.75 -0.526 -0.131 0.266 -0.055 0.084 0.063 0.047 -0.691
0.0 6.0 1.0 -4.247 -0.034 0.248 1.372 1.831 1.167 0.087 -0.518 -0.316 0.347
1.0 14.0 1.0 -2.634 2.076 -1.32 0.833 -0.547 0.287 -0.173 -0.203 -0.001 0.802
1.0 13.0 1.0 -3.341 1.714 -0.773 0.771 -0.976 0.625 0.078 -0.438 -0.084 0.607
0.0 1.0 0.0 -4.275 0.162 0.728 0.662 0.94 1.269 0.711 0.073 -0.827 -0.655
1.0 10.0 0.0 -2.482 1.896 -1.289 0.112 0.285 0.096 0.022 0.832 -0.333 -0.764
0.0 3.0 0.0 -1.823 -0.578 -1.624 0.52 0.052 1.711 0.535 1.318 -0.115 -0.505
0.0 7.0 1.0 -3.622 0.988 -1.108 0.685 -0.693 0.754 0.442 0.166 -0.458 0.738
0.0 0.0 0.0 -3.653 0.373 -0.6 1.705 -0.222 1.765 -0.353 0.537 -0.797 -0.813
0.0 2.0 0.0 -1.475 1.557 -1.009 1.202 -0.846 0.883 -0.138 0.822 -0.165 0.198
0.0 1.0 0.0 -1.954 1.595 -1.593 0.37 -0.136 0.022 0.034 0.321 -0.19 -0.491
1.0 14.0 1.0 -3.661 0.3 0.53 1.816 0.333 0.444 -0.858 -0.732 -0.809 0.995
0.0 5.0 1.0 -2.612 1.403 -0.87 0.47 -0.448 0.172 -0.06 -0.656 -0.334 0.087
0.0 5.0 1.0 -2.75 1.475 -0.848 0.364 -0.275 0.02 -0.003 -0.782 -0.291 0.167
1.0 8.0 0.0 -1.716 1.186 -0.809 -0.515 -0.35 0.29 -0.404 0.678 0.172 -0.212
1.0 10.0 0.0 -2.316 2.007 -1.365 0.181 0.206 0.071 0.037 0.814 -0.332 -0.753
0.0 0.0 0.0 -2.312 1.746 -1.51 1.019 -0.99 0.941 -0.488 0.208 0.033 -0.847
1.0 12.0 1.0 -3.705 -0.204 0.274 1.569 0.883 1.366 -0.94 -0.691 -0.162 0.598
1.0 11.0 0.0 -2.463 -0.197 -1.264 1.15 0.234 1.833 0.066 0.738 -1.382 -0.498
0.0 4.0 1.0 -3.693 -0.568 0.727 1.236 0.612 1.502 -0.804 -0.763 -0.346 0.788
0.0 2.0 0.0 -1.737 1.789 -1.046 1.071 -0.775 1.041 -0.025 0.925 -0.452 0.007
0.0 4.0 1.0 -3.485 -0.86 0.582 1.501 0.578 1.48 -0.663 -0.602 -0.318 0.575
1.0 12.0 1.0 -2.852 -0.805 -0.313 1.565 0.688 1.467 -0.664 -0.916 -0.279 0.489
1.0 13.0 1.0 -4.754 1.329 1.09 1.765 0.217 -0.198 -0.782 -0.154 0.023 0.85
1.0 12.0 1.0 -1.948 2.143 -0.068 -0.211 -0.238 0.263 -0.27 -0.238 -0.342 0.147
0.0 6.0 1.0 -1.926 2.172 -0.571 0.257 -0.159 -0.493 0.27 -0.153 -0.673 -0.005
0.0 3.0 0.0 -2.007 1.814 -0.581 -0.027 0.127 0.081 0.089 -0.016 0.115 -0.719
1.0 13.0 1.0 -3.053 1.518 -0.729 0.828 -1.211 0.499 0.326 -0.136 -0.263 0.75
0.0 6.0 1.0 -2.041 2.119 -0.585 0.549 -0.43 -0.291 -0.002 -0.234 -0.751 0.253
0.0 4.0 1.0 -1.611 0.831 -0.056 -0.048 -0.044 -0.423 0.289 -0.092 -0.633 0.221
0.0 7.0 1.0 -5.125 2.077 1.283 2.003 -0.734 -0.513 -0.557 0.055 0.295 0.269
0.0 3.0 0.0 -2.058 -0.61 -1.497 0.696 0.072 1.802 0.626 1.303 -0.192 -0.538
0.0 1.0 0.0 -4.314 -0.106 1.044 1.192 0.687 0.763 0.158 -0.193 -1.342 -0.447
0.0 0.0 0.0 -2.289 1.845 -1.616 0.987 -0.876 1.044 -0.549 0.196 -0.07 -0.814
1.0 11.0 0.0 -2.382 -0.294 -1.397 1.051 0.211 1.901 0.151 0.654 -1.286 -0.609
1.0 13.0 1.0 -4.689 1.015 1.312 1.802 0.313 -0.405 -0.663 0.106 -0.325 0.838
0.0 3.0 0.0 -1.548 -0.4 -1.659 0.244 -0.101 1.562 0.551 1.248 0.129 -0.456
1.0 13.0 1.0 -2.931 1.85 -0.896 0.685 -1.0 0.504 0.212 -0.276 -0.203 0.595
1.0 12.0 1.0 -1.899 2.135 0.092 -0.11 -0.145 0.081 -0.067 -0.104 -0.408 -0.099
1.0 13.0 1.0 -3.194 1.589 -0.774 0.814 -1.087 0.618 0.218 -0.45 -0.003 0.526
1.0 12.0 1.0 -2.021 2.493 -0.416 -0.116 0.094 -0.033 -0.4 -0.08 -0.136 0.069
0.0 6.0 1.0 -2.01 2.164 -0.626 0.389 -0.24 -0.441 0.103 -0.27 -0.647 0.165
0.0 6.0 1.0 -3.586 -0.38 -0.359 1.307 1.587 0.99 0.18 -0.831 -0.471 0.198
0.0 4.0 1.0 -3.689 -0.599 0.692 1.307 0.605 1.514 -0.752 -0.697 -0.355 0.702
0.0 2.0 0.0 -1.417 -0.319 -2.254 1.072 -0.221 2.268 0.43 0.923 -1.486 -0.698
1.0 8.0 0.0 -1.969 0.835 -0.671 -0.27 0.028 0.4 -0.444 0.53 0.061 -0.343
0.0 7.0 1.0 -3.622 1.111 -0.972 0.399 -0.402 0.527 0.271 0.373 -0.716 0.943
0.0 0.0 0.0 -2.287 1.809 -1.498 1.012 -1.053 1.06 -0.567 0.235 -0.091 -0.795
1.0 13.0 1.0 -3.055 1.4 -0.686 0.964 -1.29 0.545 0.337 -0.299 -0.173 0.69
1.0 14.0 1.0 -3.836 0.508 0.645 1.721 0.28 0.303 -0.911 -0.592 -0.631 1.023
0.0 1.0 0.0 -1.912 1.554 -1.455 -0.017 -0.118 0.27 -0.037 0.163 -0.027 -0.474
1.0 9.0 0.0 -3.019 0.058 -1.265 1.497 0.171 1.997 0.178 0.847 -1.16 -0.548
1.0 8.0 0.0 -2.698 -1.027 -0.94 1.796 0.392 1.33 0.866 0.781 -0.838 -0.663
0.0 0.0 0.0 -3.593 0.29 -0.782 1.707 -0.175 1.662 -0.137 0.493 -0.492 -0.926
1.0 11.0 0.0 -2.162 1.533 -0.267 -0.287 -0.026 0.122 0.168 -0.024 -0.268 -0.27
0.0 7.0 1.0 -5.124 2.319 1.413 1.804 -0.277 -0.33 -0.746 0.221 0.06 0.46
0.0 5.0 1.0 -3.322 -0.303 -0.5 0.963 0.921 0.981 1.059 -1.079 -1.004 0.112
1.0 8.0 0.0 -1.149 -0.904 -1.988 0.739 -0.06 1.206 0.864 1.196 -0.3 -0.467
1.0 12.0 1.0 -3.699 -0.251 0.268 1.585 0.85 1.381 -0.867 -0.71 -0.19 0.567
0.0 5.0 1.0 -2.493 1.382 -0.929 0.465 -0.369 0.002 0.187 -0.696 -0.31 0.348
0.0 1.0 0.0 -2.051 1.508 -1.641 -0.058 -0.102 0.346 -0.021 0.109 -0.147 -0.298
1.0 11.0 0.0 -2.131 1.487 -0.302 -0.272 0.012 0.067 0.149 0.022 -0.133 -0.322
1.0 11.0 0.0 -2.147 1.655 -0.355 -0.082 -0.194 0.296 0.146 -0.083 -0.314 -0.308
0.0 2.0 0.0 -1.501 1.611 -1.003 1.156 -0.883 0.901 -0.169 0.862 -0.151 0.164
1.0 12.0 1.0 -3.415 -0.538 0.241 2.038 0.622 1.027 -0.701 -0.66 -0.418 0.781
0.0 0.0 0.0 -3.604 0.235 -0.836 1.786 -0.153 1.642 -0.096 0.488 -0.524 -1.003
1.0 12.0 1.0 -2.027 2.157 -0.297 -0.211 -0.266 0.086 -0.176 -0.179 -0.283 0.292
1.0 10.0 0.0 -3.644 -0.215 -0.579 2.307 0.046 1.945 0.28 0.272 -0.539 -1.226
0.0 0.0 0.0 -3.624 0.305 -0.708 1.758 -0.194 1.675 -0.273 0.561 -0.577 -0.843
1.0 8.0 0.0 -1.768 1.769 -1.142 -0.739 -0.086 0.12 -0.23 0.217 -0.009 -0.279
1.0 8.0 0.0 -3.312 -0.776 -0.504 1.39 0.86 1.257 0.222 0.314 -0.715 -0.765
0.0 5.0 1.0 -2.85 1.446 -0.792 0.482 -0.365 0.046 -0.029 -0.761 -0.251 0.113
0.0 1.0 0.0 -4.102 0.209 0.414 0.423 0.985 1.434 0.663 0.036 -0.784 -0.668
1.0 9.0 0.0 -3.137 0.077 -1.157 1.589 0.204 1.898 0.17 0.676 -1.033 -0.635
1.0 11.0 0.0 -2.377 -0.266 -1.371 1.09 0.24 1.843 0.107 0.702 -1.256 -0.62
0.0 6.0 1.0 -4.687 0.406 0.889 1.464 1.618 1.021 -0.121 -0.398 -0.307 0.293
0.0 4.0 1.0 -1.693 0.807 -0.038 -0.051 -0.174 -0.372 0.117 0.053 -0.611 0.3
0.0 5.0 1.0 -3.858 0.115 0.05 1.17 0.975 0.703 0.585 -1.191 -1.172 -0.076
0.0 1.0 0.0 -4.473 0.373 0.858 0.919 0.778 1.272 0.653 -0.216 -0.891 -0.627
0.0 0.0 0.0 -3.639 0.418 -0.67 1.779 -0.168 1.627 -0.388 0.529 -0.874 -0.814
1.0 9.0 0.0 -3.055 0.088 -1.217 1.562 0.186 2.059 0.054 0.639 -1.121 -0.757
0.0 1.0 0.0 -4.158 -0.342 0.9 1.09 0.56 0.955 0.395 -0.328 -1.52 -0.498
1.0 9.0 0.0 -1.951 1.684 -1.039 0.586 -1.166 0.345 0.33 -0.108 -0.198 -0.609
1.0 10.0 0.0 -2.382 1.984 -1.096 -0.103 0.369 0.204 -0.125 0.752 -0.136 -0.959
0.0 3.0 0.0 -2.03 1.764 -0.386 -0.249 0.18 0.117 0.096 -0.121 0.067 -0.552
1.0 10.0 0.0 -4.052 0.35 -0.314 1.734 0.127 1.667 0.512 -0.377 -0.358 -0.855
1.0 11.0 0.0 -2.46 -0.325 -1.404 0.928 0.122 2.049 0.274 0.532 -1.113 -0.769
0.0 1.0 0.0 -1.914 1.473 -1.342 -0.013 -0.213 0.253 0.005 0.229 -0.009 -0.445
0.0 0.0 0.0 -2.304 1.784 -1.506 0.981 -0.961 0.806 -0.294 -0.002 0.119 -0.76
1.0 14.0 1.0 -3.461 0.04 0.553 1.854 0.386 0.568 -1.003 -0.638 -1.04 1.051
