86.0 45.0 71.0 170.0 70.0 6.0 146.0 45.0 19.0 146.0 172.0 321.0 189.0 71.0 10.0 8.0 187.0 191.0
94.0 44.0 84.0 216.0 74.0 6.0 184.0 35.0 22.0 145.0 208.0 525.0 154.0 73.0 4.0 22.0 196.0 197.0
97.0 55.0 96.0 170.0 54.0 10.0 216.0 31.0 24.0 173.0 219.0 685.0 218.0 75.0 0.0 4.0 184.0 193.0
88.0 35.0 50.0 121.0 58.0 5.0 114.0 59.0 17.0 122.0 132.0 192.0 138.0 74.0 21.0 4.0 182.0 187.0
90.0 38.0 75.0 164.0 64.0 7.0 151.0 43.0 19.0 131.0 168.0 345.0 139.0 66.0 0.0 0.0 195.0 204.0
86.0 45.0 73.0 152.0 63.0 6.0 149.0 44.0 19.0 145.0 170.0 335.0 176.0 71.0 6.0 1.0 189.0 196.0
80.0 44.0 68.0 120.0 53.0 8.0 151.0 45.0 19.0 146.0 170.0 333.0 190.0 80.0 4.0 16.0 180.0 185.0
96.0 55.0 98.0 161.0 54.0 10.0 215.0 31.0 24.0 175.0 226.0 683.0 221.0 76.0 3.0 6.0 185.0 193.0
103.0 48.0 101.0 204.0 62.0 12.0 200.0 33.0 23.0 158.0 215.0 595.0 164.0 66.0 8.0 22.0 192.0 202.0
100.0 47.0 70.0 185.0 70.0 7.0 162.0 40.0 20.0 153.0 179.0 406.0 172.0 68.0 9.0 6.0 200.0 205.0
93.0 35.0 66.0 154.0 59.0 6.0 142.0 46.0 18.0 128.0 162.0 304.0 120.0 64.0 5.0 13.0 197.0 202.0
82.0 44.0 72.0 150.0 64.0 7.0 154.0 44.0 19.0 144.0 181.0 350.0 177.0 80.0 0.0 16.0 183.0 187.0
87.0 39.0 74.0 165.0 66.0 6.0 145.0 45.0 19.0 134.0 173.0 318.0 139.0 70.0 3.0 21.0 195.0 200.0
103.0 54.0 107.0 218.0 64.0 12.0 222.0 30.0 25.0 174.0 221.0 728.0 199.0 67.0 0.0 18.0 189.0 200.0
101.0 48.0 107.0 222.0 68.0 10.0 208.0 32.0 24.0 154.0 232.0 641.0 204.0 70.0 5.0 38.0 190.0 202.0
97.0 46.0 101.0 210.0 66.0 8.0 192.0 35.0 22.0 151.0 208.0 546.0 169.0 66.0 1.0 32.0 191.0 200.0
95.0 46.0 105.0 219.0 68.0 9.0 201.0 33.0 23.0 148.0 223.0 602.0 201.0 69.0 5.0 38.0 191.0 202.0
89.0 40.0 69.0 147.0 58.0 6.0 132.0 50.0 18.0 137.0 155.0 260.0 151.0 61.0 16.0 6.0 203.0 209.0
85.0 44.0 70.0 205.0 103.0 52.0 149.0 45.0 19.0 144.0 241.0 325.0 188.0 127.0 9.0 11.0 180.0 183.0
88.0 44.0 71.0 145.0 56.0 8.0 142.0 48.0 19.0 143.0 159.0 296.0 174.0 68.0 7.0 18.0 188.0 197.0
100.0 41.0 75.0 205.0 71.0 5.0 176.0 36.0 21.0 138.0 204.0 479.0 151.0 72.0 7.0 19.0 197.0 197.0
105.0 54.0 96.0 185.0 57.0 10.0 219.0 30.0 25.0 170.0 231.0 706.0 217.0 75.0 5.0 12.0 187.0 195.0
106.0 49.0 107.0 194.0 57.0 11.0 214.0 31.0 24.0 161.0 224.0 670.0 172.0 67.0 0.0 39.0 192.0 206.0
100.0 45.0 100.0 209.0 65.0 8.0 201.0 32.0 23.0 147.0 231.0 611.0 189.0 72.0 5.0 5.0 189.0 195.0
91.0 38.0 76.0 172.0 61.0 8.0 167.0 40.0 20.0 134.0 196.0 415.0 145.0 71.0 0.0 28.0 189.0 198.0
81.0 38.0 53.0 123.0 58.0 6.0 134.0 51.0 18.0 128.0 147.0 259.0 148.0 83.0 10.0 6.0 177.0 184.0
101.0 55.0 107.0 200.0 61.0 11.0 225.0 30.0 25.0 178.0 228.0 730.0 204.0 74.0 8.0 35.0 187.0 201.0
98.0 54.0 104.0 186.0 59.0 10.0 213.0 32.0 24.0 172.0 223.0 665.0 217.0 73.0 1.0 26.0 186.0 195.0
107.0 56.0 105.0 202.0 61.0 11.0 221.0 30.0 25.0 179.0 234.0 725.0 212.0 72.0 15.0 1.0 189.0 196.0
98.0 55.0 101.0 219.0 69.0 11.0 225.0 30.0 25.0 178.0 231.0 748.0 216.0 74.0 6.0 14.0 187.0 195.0
91.0 42.0 81.0 193.0 69.0 5.0 169.0 38.0 20.0 137.0 184.0 434.0 156.0 68.0 3.0 23.0 198.0 204.0
92.0 52.0 93.0 204.0 67.0 9.0 189.0 35.0 22.0 161.0 214.0 536.0 240.0 72.0 2.0 5.0 188.0 195.0
106.0 53.0 98.0 154.0 47.0 4.0 237.0 28.0 26.0 164.0 263.0 838.0 222.0 82.0 4.0 17.0 185.0 184.0
99.0 41.0 77.0 197.0 69.0 6.0 177.0 36.0 21.0 139.0 202.0 485.0 151.0 72.0 4.0 10.0 198.0 199.0
84.0 39.0 90.0 180.0 60.0 7.0 177.0 37.0 21.0 131.0 209.0 469.0 145.0 71.0 4.0 38.0 190.0 198.0
97.0 37.0 78.0 181.0 62.0 8.0 161.0 41.0 20.0 131.0 182.0 389.0 117.0 62.0 2.0 28.0 203.0 211.0
98.0 48.0 101.0 195.0 61.0 11.0 207.0 31.0 23.0 152.0 227.0 650.0 193.0 71.0 5.0 7.0 189.0 196.0
83.0 41.0 70.0 155.0 65.0 7.0 144.0 46.0 19.0 141.0 168.0 309.0 147.0 71.0 4.0 12.0 188.0 195.0
102.0 43.0 96.0 197.0 63.0 10.0 185.0 36.0 22.0 142.0 202.0 513.0 139.0 65.0 8.0 12.0 195.0 204.0
86.0 43.0 69.0 123.0 54.0 6.0 150.0 46.0 19.0 144.0 174.0 325.0 177.0 87.0 3.0 7.0 180.0 182.0
87.0 45.0 77.0 153.0 59.0 7.0 154.0 44.0 19.0 145.0 181.0 350.0 172.0 75.0 15.0 14.0 184.0 189.0
102.0 54.0 98.0 167.0 53.0 10.0 217.0 31.0 24.0 174.0 228.0 692.0 223.0 72.0 0.0 31.0 187.0 198.0
102.0 52.0 98.0 225.0 71.0 10.0 214.0 31.0 24.0 164.0 228.0 682.0 199.0 71.0 0.0 16.0 187.0 196.0
96.0 43.0 82.0 161.0 55.0 5.0 186.0 34.0 22.0 141.0 215.0 534.0 162.0 75.0 0.0 6.0 195.0 196.0
93.0 34.0 66.0 140.0 56.0 7.0 130.0 51.0 18.0 120.0 151.0 251.0 114.0 62.0 5.0 29.0 201.0 207.0
85.0 43.0 66.0 123.0 56.0 6.0 148.0 46.0 19.0 145.0 166.0 319.0 171.0 85.0 6.0 11.0 179.0 182.0
83.0 42.0 66.0 156.0 67.0 7.0 150.0 45.0 19.0 144.0 174.0 333.0 159.0 78.0 4.0 2.0 182.0 188.0
80.0 36.0 69.0 127.0 56.0 7.0 128.0 53.0 18.0 124.0 147.0 240.0 133.0 70.0 2.0 21.0 183.0 191.0
110.0 58.0 106.0 180.0 51.0 6.0 261.0 26.0 28.0 171.0 278.0 998.0 257.0 83.0 9.0 13.0 181.0 182.0
97.0 59.0 108.0 227.0 70.0 11.0 224.0 30.0 25.0 186.0 225.0 732.0 218.0 70.0 10.0 25.0 186.0 198.0
93.0 45.0 86.0 201.0 69.0 7.0 184.0 35.0 22.0 145.0 203.0 523.0 183.0 72.0 0.0 4.0 194.0 197.0
85.0 38.0 63.0 130.0 55.0 7.0 122.0 55.0 17.0 130.0 137.0 219.0 144.0 64.0 20.0 8.0 195.0 201.0
85.0 38.0 72.0 130.0 53.0 9.0 134.0 51.0 18.0 132.0 145.0 261.0 123.0 65.0 1.0 24.0 188.0 198.0
86.0 46.0 73.0 125.0 57.0 6.0 151.0 45.0 19.0 147.0 170.0 334.0 188.0 82.0 9.0 11.0 180.0 184.0
90.0 39.0 86.0 169.0 62.0 7.0 162.0 41.0 20.0 131.0 194.0 388.0 147.0 74.0 1.0 22.0 185.0 191.0
106.0 49.0 96.0 201.0 61.0 10.0 181.0 36.0 21.0 158.0 197.0 494.0 180.0 62.0 19.0 15.0 202.0 209.0
103.0 54.0 91.0 179.0 57.0 11.0 220.0 31.0 25.0 170.0 220.0 707.0 198.0 72.0 1.0 32.0 186.0 198.0
108.0 55.0 105.0 230.0 68.0 11.0 218.0 30.0 24.0 171.0 228.0 709.0 210.0 69.0 14.0 4.0 190.0 197.0
76.0 38.0 58.0 125.0 58.0 5.0 133.0 51.0 18.0 127.0 152.0 259.0 145.0 87.0 0.0 21.0 177.0 184.0
82.0 44.0 72.0 118.0 52.0 7.0 152.0 44.0 19.0 147.0 174.0 340.0 177.0 82.0 2.0 2.0 180.0 185.0
89.0 44.0 70.0 158.0 64.0 6.0 141.0 47.0 18.0 143.0 164.0 299.0 173.0 66.0 9.0 11.0 193.0 199.0
77.0 38.0 63.0 135.0 59.0 5.0 130.0 52.0 18.0 130.0 145.0 247.0 139.0 79.0 13.0 21.0 183.0 187.0
82.0 43.0 71.0 154.0 68.0 7.0 150.0 45.0 19.0 143.0 171.0 330.0 173.0 78.0 7.0 11.0 181.0 186.0
94.0 43.0 64.0 173.0 69.0 7.0 150.0 43.0 19.0 142.0 169.0 344.0 177.0 68.0 9.0 1.0 199.0 206.0
86.0 43.0 68.0 152.0 62.0 7.0 150.0 44.0 19.0 142.0 179.0 337.0 164.0 75.0 4.0 9.0 188.0 192.0
103.0 50.0 98.0 212.0 63.0 9.0 193.0 34.0 22.0 161.0 214.0 567.0 185.0 64.0 5.0 5.0 198.0 204.0
85.0 44.0 66.0 125.0 58.0 6.0 148.0 45.0 19.0 145.0 170.0 323.0 185.0 84.0 8.0 1.0 180.0 183.0
86.0 42.0 65.0 113.0 50.0 8.0 152.0 45.0 19.0 141.0 169.0 332.0 171.0 85.0 4.0 16.0 179.0 183.0
100.0 49.0 80.0 206.0 70.0 6.0 183.0 35.0 21.0 156.0 206.0 517.0 198.0 73.0 3.0 13.0 198.0 199.0
81.0 43.0 68.0 148.0 64.0 7.0 150.0 45.0 19.0 144.0 175.0 330.0 171.0 80.0 1.0 2.0 182.0 185.0
106.0 55.0 98.0 224.0 68.0 11.0 215.0 31.0 24.0 170.0 222.0 679.0 214.0 68.0 2.0 29.0 189.0 201.0
96.0 37.0 74.0 199.0 74.0 5.0 165.0 39.0 20.0 128.0 188.0 419.0 136.0 72.0 1.0 3.0 196.0 200.0
89.0 47.0 81.0 156.0 57.0 8.0 161.0 41.0 20.0 149.0 187.0 388.0 197.0 72.0 9.0 15.0 187.0 193.0
90.0 36.0 78.0 179.0 64.0 8.0 157.0 42.0 19.0 126.0 182.0 367.0 142.0 66.0 1.0 20.0 192.0 198.0
91.0 40.0 76.0 171.0 67.0 7.0 149.0 44.0 19.0 135.0 169.0 332.0 144.0 68.0 4.0 17.0 192.0 200.0
99.0 47.0 91.0 226.0 74.0 5.0 202.0 32.0 23.0 148.0 234.0 629.0 186.0 79.0 4.0 11.0 192.0 191.0
95.0 49.0 92.0 193.0 62.0 10.0 178.0 37.0 21.0 154.0 200.0 478.0 171.0 64.0 2.0 0.0 198.0 206.0
97.0 47.0 81.0 183.0 64.0 8.0 168.0 39.0 20.0 150.0 193.0 426.0 182.0 70.0 11.0 2.0 192.0 198.0
86.0 38.0 89.0 176.0 59.0 9.0 169.0 39.0 20.0 132.0 190.0 428.0 148.0 67.0 7.0 33.0 193.0 202.0
95.0 43.0 71.0 159.0 64.0 6.0 145.0 45.0 19.0 141.0 169.0 322.0 171.0 67.0 8.0 4.0 195.0 200.0
82.0 43.0 73.0 158.0 68.0 7.0 151.0 44.0 19.0 145.0 181.0 337.0 173.0 80.0 2.0 17.0 183.0 188.0
85.0 43.0 64.0 128.0 56.0 8.0 150.0 46.0 19.0 144.0 168.0 324.0 173.0 82.0 9.0 14.0 180.0 184.0
102.0 54.0 101.0 190.0 58.0 10.0 222.0 30.0 25.0 171.0 224.0 728.0 203.0 71.0 13.0 6.0 189.0 198.0
100.0 51.0 109.0 231.0 70.0 11.0 220.0 30.0 25.0 163.0 238.0 722.0 206.0 73.0 11.0 19.0 189.0 198.0
97.0 46.0 94.0 209.0 67.0 10.0 195.0 34.0 22.0 147.0 224.0 573.0 194.0 70.0 0.0 14.0 188.0 197.0
97.0 48.0 105.0 212.0 64.0 11.0 201.0 33.0 23.0 155.0 212.0 602.0 162.0 64.0 2.0 7.0 193.0 202.0
85.0 42.0 64.0 121.0 55.0 7.0 149.0 46.0 19.0 146.0 167.0 323.0 172.0 85.0 1.0 6.0 179.0 182.0
91.0 45.0 75.0 154.0 57.0 6.0 150.0 44.0 19.0 146.0 170.0 335.0 180.0 66.0 16.0 2.0 193.0 198.0
81.0 47.0 69.0 146.0 64.0 6.0 151.0 44.0 19.0 147.0 171.0 340.0 195.0 75.0 5.0 0.0 183.0 188.0
101.0 56.0 104.0 185.0 53.0 6.0 257.0 26.0 28.0 168.0 275.0 956.0 230.0 83.0 5.0 26.0 180.0 184.0
92.0 43.0 69.0 158.0 56.0 7.0 149.0 44.0 19.0 143.0 170.0 333.0 168.0 63.0 14.0 18.0 198.0 203.0
87.0 42.0 60.0 116.0 51.0 6.0 150.0 46.0 19.0 141.0 169.0 324.0 171.0 85.0 2.0 14.0 178.0 182.0
97.0 37.0 76.0 169.0 60.0 8.0 161.0 41.0 20.0 131.0 189.0 391.0 136.0 72.0 0.0 0.0 188.0 192.0
86.0 42.0 65.0 116.0 53.0 6.0 152.0 45.0 19.0 141.0 175.0 335.0 172.0 85.0 5.0 4.0 179.0 183.0
81.0 42.0 63.0 125.0 55.0 8.0 149.0 46.0 19.0 145.0 166.0 320.0 172.0 86.0 7.0 7.0 179.0 182.0
86.0 43.0 70.0 126.0 56.0 6.0 148.0 46.0 19.0 145.0 166.0 317.0 171.0 86.0 6.0 9.0 179.0 182.0
88.0 39.0 70.0 166.0 66.0 7.0 148.0 44.0 19.0 134.0 167.0 332.0 143.0 69.0 5.0 13.0 193.0 201.0
80.0 43.0 68.0 123.0 53.0 7.0 150.0 46.0 19.0 147.0 169.0 327.0 176.0 81.0 7.0 14.0 179.0 184.0
104.0 52.0 96.0 188.0 59.0 9.0 188.0 35.0 22.0 161.0 206.0 530.0 205.0 67.0 11.0 8.0 193.0 200.0
102.0 54.0 100.0 163.0 53.0 10.0 213.0 31.0 24.0 173.0 219.0 669.0 201.0 76.0 12.0 27.0 187.0 195.0
85.0 43.0 66.0 120.0 54.0 5.0 148.0 46.0 19.0 145.0 168.0 320.0 174.0 87.0 8.0 2.0 179.0 181.0
98.0 40.0 77.0 171.0 61.0 6.0 172.0 37.0 21.0 139.0 197.0 457.0 141.0 72.0 4.0 17.0 199.0 201.0
107.0 55.0 103.0 167.0 49.0 7.0 252.0 27.0 28.0 172.0 269.0 904.0 239.0 83.0 5.0 30.0 179.0 186.0
99.0 55.0 101.0 219.0 68.0 10.0 224.0 30.0 25.0 178.0 228.0 737.0 213.0 74.0 11.0 20.0 187.0 196.0
108.0 51.0 103.0 197.0 60.0 11.0 211.0 31.0 24.0 160.0 222.0 661.0 187.0 67.0 7.0 3.0 190.0 200.0
91.0 45.0 76.0 171.0 69.0 7.0 150.0 44.0 19.0 144.0 170.0 340.0 179.0 69.0 12.0 1.0 195.0 201.0
78.0 43.0 70.0 147.0 65.0 8.0 147.0 46.0 19.0 145.0 169.0 319.0 168.0 77.0 1.0 12.0 181.0 186.0
86.0 41.0 66.0 129.0 55.0 7.0 135.0 50.0 18.0 136.0 154.0 266.0 165.0 74.0 3.0 4.0 180.0 187.0
105.0 50.0 93.0 173.0 54.0 4.0 222.0 30.0 25.0 159.0 254.0 735.0 206.0 83.0 4.0 12.0 186.0 184.0
105.0 56.0 98.0 209.0 64.0 11.0 217.0 31.0 24.0 173.0 225.0 696.0 216.0 72.0 2.0 19.0 188.0 199.0
98.0 58.0 101.0 208.0 65.0 12.0 226.0 30.0 25.0 182.0 225.0 748.0 216.0 71.0 6.0 1.0 185.0 196.0
100.0 55.0 101.0 189.0 57.0 10.0 222.0 30.0 25.0 177.0 225.0 731.0 211.0 71.0 7.0 17.0 188.0 197.0
98.0 46.0 88.0 191.0 63.0 6.0 192.0 34.0 22.0 147.0 215.0 563.0 174.0 73.0 2.0 26.0 194.0 197.0
95.0 43.0 83.0 198.0 69.0 6.0 177.0 36.0 21.0 139.0 189.0 484.0 163.0 68.0 6.0 4.0 196.0 198.0
84.0 43.0 70.0 123.0 54.0 8.0 151.0 45.0 19.0 146.0 173.0 332.0 176.0 81.0 1.0 12.0 181.0 184.0
102.0 45.0 85.0 193.0 64.0 6.0 192.0 33.0 22.0 146.0 217.0 570.0 163.0 76.0 6.0 7.0 195.0 193.0
90.0 41.0 78.0 145.0 55.0 7.0 138.0 48.0 18.0 138.0 161.0 284.0 158.0 67.0 0.0 1.0 192.0 197.0
110.0 56.0 109.0 199.0 57.0 5.0 251.0 27.0 27.0 169.0 272.0 928.0 268.0 82.0 11.0 10.0 183.0 183.0
87.0 44.0 70.0 179.0 75.0 6.0 146.0 45.0 19.0 141.0 167.0 326.0 178.0 69.0 6.0 1.0 194.0 201.0
110.0 56.0 103.0 223.0 64.0 5.0 250.0 26.0 27.0 169.0 280.0 928.0 239.0 85.0 4.0 6.0 184.0 183.0
87.0 44.0 65.0 124.0 56.0 6.0 149.0 46.0 19.0 144.0 170.0 321.0 171.0 87.0 4.0 12.0 179.0 182.0
98.0 49.0 84.0 219.0 74.0 7.0 190.0 34.0 22.0 154.0 208.0 558.0 209.0 74.0 4.0 7.0 195.0 195.0
85.0 40.0 66.0 121.0 52.0 4.0 152.0 44.0 19.0 133.0 170.0 340.0 163.0 87.0 13.0 3.0 180.0 183.0
94.0 37.0 73.0 186.0 71.0 7.0 154.0 42.0 19.0 127.0 171.0 362.0 132.0 67.0 2.0 8.0 197.0 206.0
86.0 39.0 84.0 149.0 57.0 8.0 156.0 43.0 20.0 133.0 185.0 358.0 157.0 74.0 0.0 23.0 183.0 190.0
98.0 35.0 70.0 182.0 68.0 5.0 155.0 41.0 19.0 124.0 184.0 371.0 117.0 71.0 3.0 22.0 202.0 205.0
83.0 46.0 71.0 156.0 70.0 6.0 151.0 44.0 19.0 147.0 174.0 338.0 198.0 80.0 3.0 11.0 181.0 186.0
78.0 36.0 60.0 116.0 56.0 6.0 123.0 55.0 17.0 124.0 141.0 221.0 121.0 78.0 3.0 16.0 178.0 185.0
85.0 43.0 66.0 123.0 55.0 7.0 150.0 45.0 19.0 146.0 172.0 326.0 173.0 83.0 4.0 15.0 180.0 183.0
105.0 55.0 96.0 181.0 56.0 9.0 219.0 30.0 25.0 175.0 231.0 713.0 216.0 74.0 4.0 5.0 187.0 194.0
99.0 46.0 105.0 209.0 64.0 11.0 197.0 34.0 23.0 152.0 212.0 575.0 159.0 65.0 0.0 33.0 194.0 205.0
86.0 43.0 61.0 119.0 53.0 8.0 150.0 46.0 19.0 144.0 169.0 326.0 172.0 85.0 8.0 8.0 179.0 182.0
97.0 38.0 75.0 188.0 68.0 6.0 171.0 37.0 20.0 129.0 199.0 450.0 137.0 74.0 2.0 6.0 197.0 199.0
101.0 55.0 101.0 183.0 57.0 13.0 225.0 30.0 25.0 177.0 225.0 741.0 204.0 71.0 5.0 10.0 186.0 198.0
84.0 45.0 68.0 148.0 64.0 6.0 146.0 46.0 19.0 142.0 168.0 317.0 180.0 75.0 5.0 1.0 183.0 187.0
86.0 43.0 66.0 130.0 56.0 7.0 152.0 44.0 19.0 142.0 177.0 340.0 173.0 81.0 6.0 14.0 181.0 185.0
86.0 42.0 64.0 122.0 54.0 6.0 148.0 46.0 19.0 143.0 170.0 319.0 171.0 87.0 1.0 3.0 179.0 182.0
98.0 46.0 77.0 199.0 71.0 7.0 166.0 39.0 20.0 150.0 184.0 422.0 180.0 69.0 13.0 9.0 200.0 203.0
82.0 44.0 63.0 123.0 54.0 7.0 151.0 45.0 19.0 147.0 166.0 329.0 185.0 81.0 3.0 4.0 179.0 182.0
111.0 54.0 103.0 171.0 50.0 11.0 221.0 30.0 25.0 172.0 227.0 727.0 201.0 69.0 15.0 6.0 190.0 198.0
99.0 57.0 109.0 220.0 66.0 11.0 221.0 30.0 25.0 176.0 234.0 725.0 236.0 70.0 10.0 25.0 188.0 200.0
108.0 57.0 106.0 177.0 51.0 5.0 256.0 26.0 28.0 170.0 285.0 966.0 261.0 87.0 11.0 2.0 182.0 181.0
96.0 54.0 104.0 175.0 58.0 10.0 215.0 31.0 24.0 175.0 221.0 682.0 222.0 75.0 13.0 23.0 186.0 194.0
89.0 44.0 68.0 113.0 50.0 7.0 150.0 45.0 19.0 147.0 171.0 328.0 189.0 88.0 6.0 5.0 179.0 182.0
83.0 44.0 68.0 144.0 61.0 8.0 147.0 45.0 19.0 143.0 170.0 325.0 180.0 74.0 1.0 1.0 185.0 191.0
80.0 43.0 71.0 133.0 60.0 7.0 150.0 45.0 19.0 146.0 170.0 330.0 176.0 81.0 6.0 15.0 180.0 184.0
85.0 43.0 66.0 130.0 57.0 6.0 151.0 45.0 19.0 143.0 173.0 333.0 168.0 86.0 4.0 9.0 180.0 183.0
93.0 43.0 78.0 166.0 59.0 7.0 151.0 44.0 19.0 141.0 182.0 342.0 174.0 68.0 15.0 2.0 193.0 197.0
80.0 34.0 42.0 110.0 57.0 3.0 114.0 59.0 17.0 119.0 131.0 191.0 121.0 87.0 4.0 7.0 179.0 183.0
85.0 43.0 66.0 121.0 54.0 7.0 150.0 46.0 19.0 147.0 169.0 324.0 175.0 87.0 0.0 5.0 179.0 182.0
102.0 51.0 108.0 193.0 57.0 10.0 212.0 31.0 24.0 162.0 219.0 663.0 184.0 66.0 7.0 21.0 191.0 201.0
104.0 55.0 109.0 230.0 67.0 12.0 218.0 30.0 24.0 174.0 230.0 706.0 226.0 67.0 8.0 22.0 191.0 202.0
107.0 45.0 92.0 197.0 62.0 10.0 188.0 35.0 22.0 148.0 202.0 526.0 159.0 64.0 12.0 20.0 195.0 203.0
94.0 37.0 72.0 193.0 72.0 6.0 158.0 41.0 19.0 133.0 184.0 385.0 127.0 70.0 0.0 14.0 200.0 204.0
89.0 44.0 80.0 191.0 66.0 6.0 162.0 40.0 20.0 143.0 189.0 396.0 180.0 66.0 13.0 11.0 194.0 199.0
89.0 38.0 78.0 153.0 61.0 7.0 146.0 46.0 19.0 127.0 166.0 314.0 142.0 69.0 0.0 9.0 187.0 194.0
101.0 53.0 108.0 184.0 54.0 12.0 216.0 31.0 24.0 172.0 220.0 685.0 187.0 68.0 4.0 24.0 190.0 201.0
87.0 46.0 71.0 159.0 66.0 6.0 151.0 44.0 19.0 146.0 175.0 343.0 189.0 73.0 2.0 0.0 186.0 190.0
100.0 50.0 81.0 197.0 67.0 6.0 186.0 34.0 22.0 158.0 206.0 531.0 198.0 74.0 6.0 1.0 197.0 198.0
95.0 42.0 96.0 197.0 65.0 9.0 178.0 37.0 21.0 141.0 199.0 474.0 149.0 67.0 1.0 29.0 193.0 200.0
79.0 39.0 72.0 127.0 53.0 9.0 142.0 48.0 19.0 135.0 165.0 295.0 144.0 77.0 7.0 21.0 181.0 189.0
90.0 38.0 79.0 185.0 69.0 6.0 160.0 40.0 20.0 130.0 178.0 393.0 133.0 66.0 2.0 14.0 198.0 205.0
91.0 46.0 75.0 185.0 75.0 7.0 154.0 42.0 19.0 147.0 178.0 362.0 192.0 72.0 8.0 8.0 192.0 199.0
97.0 55.0 103.0 197.0 63.0 11.0 215.0 31.0 24.0 172.0 219.0 677.0 219.0 75.0 5.0 24.0 185.0 194.0
108.0 56.0 102.0 246.0 75.0 6.0 239.0 28.0 26.0 167.0 264.0 855.0 228.0 82.0 9.0 13.0 186.0 185.0
91.0 52.0 98.0 196.0 62.0 9.0 193.0 34.0 22.0 161.0 216.0 562.0 244.0 69.0 3.0 1.0 190.0 199.0
81.0 43.0 68.0 125.0 57.0 8.0 149.0 46.0 19.0 146.0 169.0 323.0 172.0 83.0 6.0 18.0 179.0 184.0
106.0 54.0 100.0 227.0 67.0 4.0 250.0 27.0 27.0 162.0 280.0 923.0 262.0 88.0 5.0 11.0 182.0 182.0
87.0 41.0 73.0 158.0 64.0 7.0 151.0 44.0 19.0 138.0 175.0 341.0 152.0 73.0 3.0 8.0 190.0 194.0
91.0 46.0 101.0 199.0 65.0 9.0 196.0 34.0 23.0 146.0 219.0 574.0 199.0 73.0 5.0 8.0 186.0 194.0
100.0 51.0 89.0 199.0 65.0 6.0 201.0 32.0 23.0 159.0 219.0 622.0 205.0 74.0 6.0 7.0 193.0 193.0
101.0 53.0 91.0 194.0 65.0 6.0 204.0 32.0 23.0 161.0 231.0 636.0 214.0 78.0 5.0 14.0 192.0 192.0
84.0 42.0 76.0 156.0 64.0 7.0 151.0 44.0 19.0 143.0 179.0 339.0 157.0 75.0 0.0 20.0 187.0 193.0
109.0 48.0 107.0 215.0 62.0 10.0 205.0 32.0 23.0 158.0 222.0 624.0 168.0 65.0 9.0 32.0 195.0 206.0
89.0 40.0 72.0 155.0 63.0 7.0 146.0 45.0 19.0 135.0 175.0 321.0 145.0 72.0 4.0 10.0 192.0 196.0
104.0 52.0 110.0 172.0 53.0 10.0 219.0 30.0 25.0 166.0 235.0 711.0 218.0 74.0 10.0 28.0 188.0 198.0
82.0 39.0 86.0 140.0 54.0 7.0 153.0 45.0 19.0 134.0 174.0 338.0 139.0 71.0 11.0 18.0 183.0 189.0
93.0 42.0 88.0 188.0 62.0 10.0 183.0 36.0 21.0 141.0 208.0 504.0 168.0 70.0 3.0 12.0 189.0 197.0
87.0 39.0 70.0 148.0 61.0 7.0 143.0 46.0 18.0 136.0 164.0 307.0 141.0 69.0 1.0 2.0 192.0 199.0
88.0 40.0 69.0 146.0 59.0 7.0 130.0 51.0 18.0 134.0 147.0 252.0 144.0 64.0 1.0 1.0 193.0 200.0
82.0 45.0 68.0 150.0 69.0 5.0 148.0 45.0 19.0 144.0 169.0 322.0 184.0 80.0 5.0 0.0 181.0 184.0
100.0 50.0 98.0 204.0 63.0 6.0 218.0 30.0 24.0 156.0 232.0 719.0 213.0 77.0 8.0 7.0 189.0 189.0
96.0 48.0 83.0 177.0 59.0 8.0 171.0 39.0 21.0 152.0 195.0 438.0 196.0 67.0 15.0 0.0 195.0 201.0
96.0 49.0 98.0 187.0 59.0 6.0 213.0 31.0 24.0 152.0 228.0 680.0 210.0 77.0 8.0 28.0 188.0 189.0
100.0 48.0 95.0 209.0 68.0 7.0 199.0 32.0 23.0 150.0 216.0 605.0 200.0 73.0 7.0 11.0 192.0 194.0
106.0 53.0 98.0 192.0 58.0 11.0 217.0 31.0 24.0 166.0 228.0 693.0 191.0 71.0 11.0 24.0 188.0 198.0
97.0 50.0 108.0 211.0 65.0 10.0 214.0 31.0 24.0 156.0 232.0 683.0 218.0 72.0 7.0 29.0 188.0 197.0
94.0 43.0 68.0 170.0 67.0 6.0 142.0 46.0 18.0 142.0 164.0 310.0 177.0 65.0 10.0 8.0 198.0 203.0
106.0 54.0 103.0 161.0 47.0 4.0 247.0 27.0 27.0 166.0 266.0 892.0 242.0 85.0 4.0 11.0 181.0 183.0
82.0 43.0 73.0 154.0 65.0 7.0 151.0 44.0 19.0 143.0 178.0 341.0 160.0 76.0 5.0 11.0 185.0 189.0
80.0 39.0 60.0 122.0 56.0 6.0 139.0 49.0 18.0 131.0 151.0 281.0 142.0 80.0 0.0 5.0 179.0 186.0
82.0 45.0 66.0 252.0 126.0 52.0 148.0 45.0 19.0 144.0 237.0 326.0 185.0 119.0 1.0 1.0 181.0 185.0
82.0 38.0 53.0 125.0 59.0 5.0 133.0 51.0 18.0 128.0 152.0 259.0 146.0 87.0 0.0 0.0 177.0 183.0
97.0 49.0 76.0 203.0 73.0 7.0 178.0 36.0 21.0 157.0 194.0 487.0 186.0 72.0 0.0 7.0 197.0 200.0
104.0 56.0 96.0 231.0 74.0 11.0 220.0 30.0 25.0 172.0 223.0 713.0 218.0 73.0 6.0 16.0 186.0 195.0
88.0 40.0 79.0 183.0 62.0 7.0 176.0 38.0 21.0 138.0 200.0 462.0 150.0 66.0 0.0 29.0 189.0 199.0
100.0 57.0 107.0 207.0 63.0 11.0 227.0 30.0 25.0 180.0 234.0 756.0 205.0 72.0 6.0 19.0 186.0 198.0
97.0 47.0 88.0 183.0 60.0 7.0 197.0 33.0 23.0 148.0 214.0 596.0 201.0 74.0 8.0 0.0 192.0 191.0
89.0 36.0 69.0 142.0 57.0 7.0 135.0 50.0 18.0 126.0 154.0 266.0 128.0 66.0 3.0 36.0 193.0 203.0
87.0 44.0 98.0 211.0 70.0 10.0 189.0 35.0 22.0 141.0 214.0 535.0 178.0 71.0 2.0 21.0 187.0 194.0
84.0 45.0 66.0 154.0 65.0 6.0 145.0 46.0 19.0 144.0 168.0 312.0 177.0 73.0 2.0 3.0 184.0 188.0
93.0 47.0 84.0 205.0 71.0 7.0 176.0 36.0 21.0 152.0 190.0 476.0 201.0 70.0 7.0 19.0 198.0 201.0
94.0 38.0 84.0 158.0 55.0 9.0 169.0 39.0 20.0 130.0 196.0 430.0 155.0 69.0 9.0 15.0 190.0 195.0
86.0 45.0 71.0 155.0 66.0 7.0 146.0 45.0 19.0 144.0 167.0 322.0 176.0 72.0 5.0 6.0 189.0 196.0
94.0 45.0 72.0 179.0 69.0 6.0 156.0 41.0 19.0 144.0 181.0 373.0 191.0 69.0 5.0 5.0 193.0 198.0
90.0 42.0 63.0 126.0 55.0 7.0 152.0 45.0 19.0 142.0 173.0 336.0 173.0 81.0 0.0 15.0 180.0 184.0
100.0 36.0 73.0 199.0 73.0 6.0 162.0 40.0 20.0 127.0 189.0 401.0 125.0 72.0 6.0 19.0 200.0 204.0
96.0 44.0 68.0 190.0 70.0 7.0 155.0 41.0 19.0 145.0 179.0 372.0 166.0 67.0 5.0 7.0 202.0 206.0
98.0 45.0 76.0 166.0 60.0 7.0 157.0 42.0 20.0 148.0 184.0 371.0 186.0 69.0 13.0 10.0 190.0 196.0
86.0 46.0 70.0 149.0 65.0 8.0 149.0 45.0 19.0 146.0 170.0 331.0 185.0 77.0 6.0 6.0 183.0 188.0
91.0 42.0 84.0 209.0 75.0 6.0 171.0 38.0 20.0 138.0 189.0 446.0 161.0 69.0 3.0 12.0 196.0 201.0
103.0 57.0 105.0 221.0 69.0 11.0 218.0 30.0 24.0 173.0 226.0 706.0 250.0 73.0 10.0 2.0 187.0 195.0
114.0 57.0 102.0 181.0 52.0 6.0 257.0 26.0 28.0 169.0 287.0 968.0 261.0 85.0 2.0 21.0 182.0 184.0
105.0 51.0 80.0 207.0 71.0 6.0 195.0 33.0 22.0 159.0 214.0 579.0 188.0 75.0 6.0 20.0 194.0 194.0
81.0 46.0 71.0 141.0 61.0 7.0 153.0 44.0 19.0 148.0 177.0 347.0 190.0 80.0 1.0 14.0 182.0 187.0
91.0 35.0 66.0 159.0 59.0 7.0 147.0 45.0 19.0 131.0 169.0 322.0 123.0 64.0 1.0 1.0 197.0 203.0
98.0 55.0 108.0 168.0 53.0 11.0 224.0 30.0 25.0 178.0 231.0 737.0 217.0 73.0 8.0 30.0 187.0 198.0
109.0 51.0 100.0 197.0 59.0 10.0 192.0 34.0 22.0 161.0 210.0 553.0 195.0 64.0 14.0 3.0 196.0 202.0
95.0 45.0 80.0 186.0 62.0 7.0 164.0 40.0 20.0 145.0 188.0 406.0 178.0 65.0 11.0 18.0 199.0 204.0
85.0 42.0 66.0 120.0 53.0 7.0 149.0 46.0 19.0 143.0 169.0 321.0 160.0 85.0 10.0 7.0 180.0 182.0
101.0 51.0 105.0 212.0 68.0 10.0 209.0 32.0 24.0 162.0 222.0 653.0 224.0 73.0 5.0 23.0 186.0 195.0
84.0 38.0 74.0 138.0 57.0 8.0 139.0 49.0 18.0 127.0 160.0 282.0 127.0 72.0 9.0 20.0 183.0 191.0
85.0 42.0 59.0 132.0 58.0 7.0 149.0 46.0 19.0 144.0 166.0 320.0 172.0 83.0 8.0 4.0 179.0 182.0
99.0 48.0 79.0 199.0 68.0 6.0 185.0 35.0 22.0 153.0 202.0 524.0 171.0 74.0 5.0 8.0 195.0 195.0
96.0 52.0 104.0 222.0 67.0 9.0 198.0 33.0 23.0 163.0 217.0 589.0 226.0 67.0 12.0 20.0 192.0 201.0
96.0 46.0 70.0 194.0 70.0 6.0 167.0 39.0 20.0 148.0 183.0 427.0 171.0 69.0 17.0 10.0 200.0 203.0
86.0 45.0 66.0 126.0 57.0 8.0 148.0 46.0 19.0 145.0 170.0 321.0 186.0 86.0 0.0 7.0 179.0 182.0
99.0 52.0 104.0 177.0 55.0 10.0 210.0 32.0 24.0 166.0 219.0 657.0 215.0 73.0 3.0 2.0 187.0 194.0
92.0 42.0 75.0 172.0 60.0 8.0 147.0 45.0 19.0 142.0 174.0 322.0 160.0 62.0 22.0 10.0 206.0 211.0
91.0 41.0 93.0 197.0 65.0 9.0 183.0 36.0 21.0 137.0 202.0 504.0 153.0 66.0 11.0 24.0 193.0 200.0
93.0 37.0 73.0 174.0 68.0 7.0 151.0 43.0 19.0 131.0 175.0 347.0 135.0 68.0 1.0 22.0 196.0 205.0
107.0 52.0 101.0 218.0 64.0 11.0 202.0 33.0 23.0 164.0 219.0 610.0 192.0 65.0 17.0 2.0 197.0 206.0
101.0 52.0 105.0 162.0 53.0 10.0 212.0 31.0 24.0 163.0 226.0 669.0 204.0 74.0 12.0 11.0 186.0 194.0
86.0 45.0 70.0 122.0 56.0 7.0 148.0 45.0 19.0 144.0 170.0 324.0 186.0 84.0 9.0 5.0 180.0 183.0
104.0 52.0 94.0 208.0 66.0 5.0 208.0 31.0 24.0 161.0 227.0 666.0 218.0 76.0 11.0 4.0 193.0 191.0
104.0 57.0 103.0 222.0 72.0 12.0 221.0 30.0 25.0 177.0 223.0 718.0 218.0 72.0 11.0 12.0 186.0 195.0
85.0 41.0 66.0 155.0 65.0 22.0 149.0 45.0 19.0 139.0 173.0 330.0 155.0 75.0 6.0 16.0 184.0 191.0
90.0 40.0 83.0 178.0 61.0 8.0 178.0 37.0 21.0 132.0 199.0 472.0 157.0 71.0 1.0 14.0 187.0 193.0
103.0 54.0 107.0 189.0 56.0 11.0 223.0 30.0 25.0 174.0 225.0 729.0 200.0 70.0 0.0 29.0 187.0 201.0
94.0 45.0 89.0 213.0 71.0 5.0 186.0 35.0 22.0 145.0 204.0 533.0 182.0 71.0 4.0 13.0 195.0 198.0
113.0 57.0 109.0 194.0 56.0 6.0 260.0 26.0 28.0 175.0 288.0 982.0 261.0 85.0 11.0 21.0 182.0 183.0
98.0 55.0 101.0 228.0 70.0 9.0 210.0 31.0 24.0 168.0 236.0 661.0 245.0 72.0 1.0 6.0 188.0 197.0
99.0 57.0 100.0 177.0 54.0 13.0 224.0 30.0 25.0 188.0 223.0 726.0 213.0 72.0 4.0 7.0 185.0 198.0
96.0 47.0 77.0 204.0 72.0 6.0 167.0 38.0 20.0 150.0 188.0 429.0 182.0 69.0 6.0 16.0 199.0 203.0
87.0 43.0 70.0 169.0 72.0 7.0 152.0 44.0 19.0 145.0 177.0 341.0 171.0 76.0 6.0 12.0 184.0 187.0
84.0 40.0 71.0 131.0 55.0 7.0 150.0 45.0 19.0 134.0 167.0 330.0 165.0 80.0 12.0 1.0 180.0 186.0
82.0 44.0 72.0 136.0 61.0 7.0 147.0 46.0 19.0 143.0 173.0 317.0 183.0 81.0 6.0 17.0 181.0 185.0
92.0 46.0 79.0 176.0 64.0 8.0 162.0 41.0 20.0 149.0 183.0 396.0 178.0 67.0 2.0 10.0 191.0 198.0
107.0 53.0 103.0 221.0 66.0 11.0 209.0 32.0 24.0 163.0 222.0 653.0 212.0 66.0 0.0 1.0 191.0 201.0
82.0 45.0 68.0 139.0 64.0 6.0 147.0 46.0 19.0 143.0 169.0 320.0 184.0 80.0 0.0 1.0 181.0 184.0
83.0 46.0 68.0 139.0 59.0 6.0 150.0 44.0 19.0 146.0 172.0 336.0 183.0 74.0 5.0 3.0 185.0 191.0
96.0 47.0 103.0 215.0 69.0 10.0 200.0 33.0 23.0 147.0 220.0 598.0 200.0 73.0 6.0 6.0 187.0 194.0
85.0 42.0 70.0 130.0 56.0 7.0 150.0 45.0 19.0 145.0 177.0 328.0 172.0 82.0 10.0 14.0 181.0 185.0
92.0 37.0 75.0 184.0 70.0 6.0 154.0 42.0 19.0 131.0 184.0 363.0 127.0 71.0 0.0 4.0 198.0 202.0
86.0 37.0 77.0 144.0 54.0 7.0 154.0 43.0 19.0 127.0 179.0 352.0 145.0 71.0 14.0 13.0 186.0 191.0
101.0 54.0 106.0 188.0 57.0 7.0 236.0 28.0 26.0 164.0 256.0 833.0 253.0 81.0 6.0 14.0 185.0 185.0
106.0 54.0 105.0 164.0 48.0 5.0 247.0 27.0 27.0 165.0 269.0 891.0 243.0 84.0 12.0 1.0 181.0 182.0
86.0 44.0 70.0 140.0 64.0 6.0 148.0 45.0 19.0 145.0 170.0 322.0 185.0 82.0 10.0 1.0 181.0 183.0
81.0 43.0 68.0 139.0 62.0 7.0 149.0 46.0 19.0 145.0 172.0 323.0 171.0 83.0 1.0 14.0 180.0 184.0
103.0 55.0 103.0 211.0 65.0 11.0 212.0 31.0 24.0 165.0 229.0 673.0 249.0 72.0 5.0 16.0 188.0 196.0
105.0 51.0 93.0 160.0 51.0 7.0 217.0 30.0 24.0 165.0 240.0 703.0 208.0 81.0 9.0 25.0 188.0 188.0
98.0 51.0 84.0 207.0 72.0 7.0 184.0 35.0 21.0 161.0 199.0 520.0 198.0 72.0 9.0 11.0 196.0 199.0
93.0 35.0 78.0 162.0 60.0 8.0 150.0 45.0 19.0 125.0 172.0 331.0 137.0 67.0 2.0 33.0 191.0 198.0
81.0 45.0 68.0 169.0 73.0 6.0 151.0 44.0 19.0 146.0 173.0 336.0 186.0 75.0 7.0 0.0 183.0 189.0
73.0 37.0 53.0 111.0 54.0 6.0 126.0 55.0 18.0 128.0 135.0 227.0 147.0 82.0 1.0 15.0 176.0 184.0
79.0 40.0 80.0 133.0 55.0 7.0 147.0 47.0 19.0 135.0 172.0 311.0 144.0 76.0 8.0 30.0 181.0 193.0
94.0 37.0 74.0 169.0 59.0 7.0 162.0 41.0 20.0 133.0 178.0 394.0 130.0 63.0 6.0 6.0 198.0 204.0
99.0 51.0 92.0 203.0 65.0 5.0 209.0 31.0 24.0 159.0 232.0 671.0 214.0 78.0 5.0 11.0 191.0 189.0
86.0 36.0 66.0 128.0 57.0 8.0 131.0 52.0 18.0 127.0 148.0 252.0 139.0 76.0 5.0 27.0 183.0 187.0
96.0 36.0 74.0 183.0 70.0 6.0 149.0 43.0 19.0 127.0 178.0 341.0 127.0 69.0 0.0 17.0 201.0 205.0
81.0 46.0 71.0 130.0 56.0 7.0 153.0 44.0 19.0 149.0 172.0 342.0 191.0 81.0 3.0 14.0 180.0 186.0
84.0 47.0 75.0 153.0 64.0 6.0 154.0 43.0 19.0 145.0 175.0 354.0 184.0 75.0 0.0 3.0 185.0 192.0
99.0 38.0 74.0 184.0 66.0 6.0 164.0 39.0 20.0 131.0 193.0 414.0 137.0 71.0 2.0 22.0 200.0 202.0
105.0 52.0 107.0 207.0 60.0 11.0 218.0 31.0 24.0 167.0 221.0 701.0 197.0 66.0 0.0 20.0 191.0 203.0
81.0 45.0 68.0 137.0 60.0 7.0 152.0 45.0 19.0 151.0 167.0 333.0 179.0 81.0 3.0 13.0 179.0 183.0
101.0 56.0 100.0 204.0 62.0 12.0 227.0 30.0 25.0 178.0 231.0 757.0 204.0 73.0 0.0 11.0 186.0 197.0
103.0 52.0 103.0 170.0 52.0 7.0 236.0 28.0 26.0 160.0 254.0 816.0 250.0 82.0 3.0 23.0 183.0 184.0
106.0 52.0 107.0 211.0 62.0 8.0 200.0 33.0 23.0 161.0 218.0 602.0 200.0 67.0 9.0 17.0 194.0 201.0
91.0 49.0 86.0 195.0 63.0 8.0 177.0 37.0 21.0 156.0 203.0 473.0 201.0 67.0 7.0 5.0 192.0 198.0
81.0 44.0 68.0 120.0 53.0 6.0 151.0 45.0 19.0 147.0 170.0 333.0 178.0 86.0 4.0 5.0 179.0 183.0
89.0 41.0 76.0 183.0 73.0 7.0 157.0 42.0 19.0 136.0 181.0 373.0 153.0 74.0 8.0 12.0 191.0 195.0
105.0 54.0 105.0 213.0 67.0 10.0 200.0 33.0 23.0 163.0 214.0 597.0 214.0 68.0 10.0 20.0 190.0 198.0
97.0 45.0 72.0 187.0 71.0 5.0 161.0 40.0 20.0 144.0 178.0 399.0 186.0 70.0 7.0 7.0 196.0 203.0
85.0 36.0 72.0 127.0 56.0 7.0 127.0 54.0 18.0 125.0 144.0 233.0 123.0 70.0 3.0 30.0 184.0 194.0
98.0 38.0 70.0 186.0 68.0 6.0 164.0 39.0 20.0 136.0 189.0 413.0 129.0 71.0 3.0 17.0 200.0 203.0
89.0 44.0 82.0 136.0 54.0 6.0 149.0 45.0 19.0 144.0 170.0 332.0 168.0 68.0 10.0 14.0 188.0 193.0
77.0 38.0 75.0 144.0 59.0 6.0 147.0 46.0 19.0 132.0 167.0 315.0 136.0 80.0 16.0 20.0 181.0 187.0
93.0 35.0 72.0 172.0 62.0 7.0 149.0 44.0 19.0 124.0 169.0 334.0 125.0 62.0 5.0 30.0 203.0 210.0
85.0 39.0 77.0 151.0 59.0 8.0 150.0 45.0 19.0 134.0 176.0 331.0 133.0 73.0 0.0 16.0 184.0 193.0
99.0 54.0 100.0 199.0 62.0 9.0 200.0 33.0 23.0 166.0 222.0 600.0 241.0 70.0 2.0 7.0 189.0 198.0
109.0 55.0 96.0 191.0 57.0 6.0 241.0 28.0 26.0 170.0 267.0 857.0 242.0 85.0 8.0 9.0 184.0 184.0
96.0 41.0 77.0 177.0 64.0 5.0 177.0 36.0 21.0 134.0 205.0 485.0 148.0 74.0 0.0 4.0 196.0 198.0
84.0 43.0 76.0 180.0 75.0 7.0 155.0 43.0 19.0 143.0 180.0 359.0 173.0 77.0 5.0 12.0 185.0 190.0
86.0 42.0 65.0 125.0 54.0 7.0 150.0 45.0 19.0 140.0 171.0 327.0 172.0 85.0 2.0 8.0 180.0 182.0
95.0 47.0 73.0 195.0 70.0 7.0 167.0 38.0 20.0 152.0 184.0 430.0 185.0 69.0 9.0 19.0 200.0 206.0
87.0 49.0 86.0 190.0 64.0 9.0 177.0 37.0 21.0 153.0 197.0 471.0 209.0 67.0 11.0 7.0 192.0 199.0
93.0 49.0 79.0 180.0 65.0 7.0 173.0 37.0 21.0 158.0 189.0 463.0 194.0 70.0 5.0 10.0 197.0 202.0
100.0 49.0 96.0 206.0 63.0 9.0 186.0 35.0 22.0 156.0 202.0 519.0 176.0 62.0 3.0 5.0 197.0 205.0
104.0 55.0 105.0 223.0 70.0 10.0 223.0 30.0 25.0 177.0 237.0 737.0 218.0 75.0 14.0 11.0 188.0 196.0
82.0 41.0 70.0 155.0 64.0 7.0 148.0 45.0 19.0 138.0 172.0 328.0 152.0 72.0 5.0 17.0 187.0 195.0
92.0 42.0 69.0 153.0 58.0 8.0 140.0 48.0 18.0 138.0 165.0 290.0 151.0 64.0 10.0 21.0 199.0 206.0
99.0 51.0 88.0 188.0 62.0 5.0 203.0 32.0 23.0 158.0 222.0 625.0 219.0 77.0 8.0 26.0 191.0 190.0
102.0 53.0 101.0 238.0 72.0 4.0 238.0 28.0 26.0 163.0 267.0 844.0 242.0 85.0 7.0 22.0 184.0 184.0
97.0 43.0 73.0 173.0 65.0 6.0 153.0 42.0 19.0 143.0 176.0 361.0 172.0 66.0 13.0 1.0 200.0 204.0
88.0 39.0 88.0 194.0 69.0 8.0 168.0 40.0 20.0 133.0 199.0 416.0 151.0 74.0 3.0 22.0 186.0 192.0
109.0 52.0 95.0 189.0 58.0 4.0 227.0 29.0 25.0 158.0 262.0 776.0 217.0 82.0 0.0 19.0 187.0 186.0
100.0 51.0 104.0 163.0 52.0 10.0 206.0 32.0 23.0 164.0 217.0 631.0 193.0 69.0 5.0 21.0 188.0 196.0
93.0 47.0 83.0 165.0 60.0 7.0 167.0 40.0 20.0 147.0 197.0 417.0 201.0 73.0 12.0 4.0 187.0 192.0
106.0 53.0 98.0 203.0 63.0 11.0 220.0 30.0 25.0 167.0 228.0 710.0 214.0 71.0 10.0 24.0 188.0 197.0
92.0 38.0 74.0 178.0 62.0 9.0 161.0 41.0 20.0 135.0 181.0 388.0 132.0 63.0 7.0 29.0 197.0 206.0
84.0 38.0 66.0 138.0 62.0 6.0 126.0 54.0 18.0 132.0 144.0 232.0 139.0 70.0 4.0 7.0 185.0 190.0
106.0 57.0 107.0 235.0 67.0 6.0 262.0 26.0 28.0 171.0 285.0 987.0 260.0 86.0 9.0 31.0 180.0 184.0
81.0 45.0 68.0 154.0 69.0 22.0 151.0 45.0 19.0 147.0 186.0 335.0 186.0 88.0 1.0 10.0 180.0 185.0
107.0 57.0 106.0 179.0 51.0 8.0 257.0 26.0 28.0 172.0 275.0 954.0 232.0 83.0 2.0 20.0 181.0 184.0
99.0 50.0 88.0 204.0 64.0 10.0 185.0 35.0 22.0 159.0 209.0 517.0 193.0 66.0 12.0 11.0 194.0 201.0
94.0 39.0 75.0 184.0 72.0 8.0 155.0 42.0 19.0 133.0 175.0 365.0 145.0 70.0 4.0 5.0 192.0 200.0
81.0 44.0 72.0 139.0 60.0 6.0 153.0 44.0 19.0 146.0 180.0 347.0 178.0 81.0 1.0 15.0 182.0 186.0
88.0 34.0 69.0 152.0 57.0 5.0 138.0 48.0 18.0 122.0 158.0 284.0 120.0 62.0 9.0 29.0 204.0 210.0
80.0 43.0 68.0 120.0 54.0 8.0 150.0 45.0 19.0 145.0 171.0 329.0 176.0 85.0 4.0 8.0 179.0 183.0
88.0 36.0 78.0 160.0 62.0 6.0 140.0 48.0 18.0 123.0 161.0 287.0 129.0 66.0 4.0 35.0 194.0 202.0
97.0 41.0 92.0 197.0 63.0 10.0 179.0 37.0 21.0 140.0 197.0 481.0 136.0 63.0 4.0 3.0 197.0 204.0
84.0 44.0 65.0 128.0 55.0 8.0 150.0 46.0 19.0 148.0 169.0 325.0 176.0 82.0 1.0 11.0 179.0 183.0
89.0 44.0 72.0 160.0 66.0 7.0 144.0 46.0 19.0 147.0 166.0 312.0 169.0 69.0 11.0 1.0 191.0 198.0
101.0 42.0 62.0 175.0 67.0 6.0 149.0 43.0 19.0 139.0 169.0 341.0 165.0 65.0 7.0 11.0 202.0 209.0
100.0 51.0 109.0 224.0 67.0 9.0 217.0 30.0 24.0 162.0 238.0 704.0 206.0 72.0 6.0 18.0 189.0 199.0
88.0 40.0 73.0 173.0 68.0 7.0 150.0 44.0 19.0 137.0 174.0 341.0 151.0 69.0 2.0 20.0 196.0 200.0
94.0 49.0 79.0 203.0 71.0 5.0 174.0 37.0 21.0 154.0 196.0 465.0 206.0 71.0 6.0 2.0 197.0 199.0
104.0 54.0 91.0 209.0 67.0 11.0 218.0 31.0 24.0 170.0 223.0 697.0 196.0 74.0 4.0 21.0 187.0 196.0
80.0 38.0 64.0 130.0 59.0 8.0 134.0 51.0 18.0 126.0 152.0 259.0 135.0 76.0 1.0 23.0 179.0 188.0
79.0 47.0 74.0 141.0 61.0 7.0 153.0 43.0 19.0 149.0 175.0 349.0 199.0 77.0 6.0 10.0 183.0 189.0
104.0 49.0 89.0 168.0 54.0 4.0 212.0 31.0 24.0 153.0 238.0 682.0 198.0 78.0 1.0 23.0 190.0 189.0
100.0 52.0 109.0 225.0 68.0 10.0 222.0 30.0 25.0 165.0 241.0 731.0 207.0 73.0 7.0 28.0 188.0 199.0
105.0 46.0 100.0 195.0 61.0 9.0 193.0 34.0 22.0 150.0 207.0 557.0 161.0 65.0 5.0 9.0 194.0 202.0
101.0 55.0 105.0 182.0 59.0 10.0 215.0 31.0 24.0 177.0 221.0 678.0 223.0 74.0 12.0 26.0 186.0 195.0
102.0 54.0 98.0 201.0 61.0 6.0 225.0 29.0 25.0 165.0 246.0 766.0 231.0 79.0 9.0 14.0 188.0 187.0
102.0 52.0 101.0 213.0 64.0 10.0 203.0 33.0 23.0 157.0 214.0 616.0 186.0 65.0 0.0 19.0 193.0 203.0
83.0 39.0 69.0 127.0 54.0 5.0 135.0 49.0 18.0 131.0 155.0 274.0 162.0 69.0 16.0 6.0 187.0 190.0
92.0 37.0 75.0 191.0 71.0 6.0 161.0 40.0 20.0 128.0 180.0 393.0 135.0 69.0 1.0 14.0 195.0 202.0
89.0 40.0 76.0 188.0 76.0 7.0 150.0 44.0 19.0 136.0 174.0 342.0 148.0 72.0 3.0 8.0 193.0 197.0
92.0 45.0 74.0 187.0 74.0 7.0 157.0 41.0 19.0 143.0 179.0 375.0 183.0 70.0 8.0 6.0 195.0 201.0
85.0 36.0 78.0 149.0 55.0 7.0 147.0 45.0 19.0 128.0 168.0 321.0 134.0 64.0 10.0 24.0 197.0 203.0
86.0 40.0 75.0 146.0 62.0 6.0 140.0 48.0 18.0 135.0 158.0 290.0 162.0 72.0 3.0 21.0 183.0 190.0
83.0 46.0 73.0 137.0 59.0 6.0 148.0 45.0 19.0 146.0 167.0 327.0 183.0 75.0 8.0 0.0 185.0 191.0
85.0 45.0 70.0 130.0 58.0 8.0 151.0 45.0 19.0 146.0 171.0 334.0 187.0 79.0 2.0 5.0 181.0 186.0
